FILELENGTH: 545
NODENUMBER: 69
MYSANUMBER: 136
FLUTNUMBER: 136
STINNUMBER: 204
NUMBEROFSTINPERSTRETCH: 3
3 0 13498.978 10275.6486 741.9507
3 0 13499.7442 10275.9888 742.4959
3 1 13595.3377 10244.0849 810.3852
3 1 13595.0188 10243.1809 810.1005
3 2 13501.9375 10093.8278 717.5751
3 2 13501.5057 10093.071 717.0845
3 3 13431.0347 9936.1976 617.4094
3 3 13430.7644 9935.378 616.9043
3 4 13405.926 9764.9525 518.6007
3 4 13405.9599 9764.071 518.1296
3 5 13456.2368 9591.1271 436.7567
3 5 13456.6739 9590.2934 436.419
3 6 13563.2599 9431.414 382.648
3 6 13563.857 9430.6392 382.4402
3 7 13684.2057 9275.2671 351.7178
3 7 13684.8053 9274.4758 351.5984
3 8 13774.5167 9098.6657 350.4768
3 8 13774.7398 9097.6963 350.579
3 9 13731.9971 8912.4203 395.2162
3 9 13731.5312 8911.5748 395.4769
3 10 13676.1882 8755.1366 375.7547
3 10 13676.8498 8754.8148 375.0774
3 11 13841.9788 8680.424 325.6462
3 11 13842.7182 8679.8102 325.923
3 12 13943.1075 8533.4259 414.781
3 12 13943.5687 8532.6213 415.1549
3 13 14044.2971 8365.3723 421.946
3 13 14044.8272 8364.546 421.7557
3 14 14149.371 8224.6178 327.5753
3 14 14149.8963 8223.9708 327.0227
3 15 14258.7929 8101.1424 214.5813
3 15 14259.3799 8100.5386 214.0418
3 16 14394.4702 7978.4846 138.6299
3 16 14395.2489 7977.8692 138.5081
3 17 14549.9038 7855.529 161.1009
3 17 14550.6154 7854.8264 161.1073
3 18 14651.7941 7708.4668 82.1932
3 18 14652.1403 7707.7585 81.5781
3 19 14707.5443 7566.3311 -46.8999
3 19 14707.7873 7565.6022 -47.5399
3 20 14752.242 7410.294 -163.3656
3 20 14752.4553 7409.4569 -163.8693
3 21 14793.7591 7226.5677 -226.3924
3 21 14793.9563 7225.5924 -226.4913
3 22 14829.4301 7030.1743 -221.3203
3 22 14829.5866 7029.1919 -221.2185
3 23 14856.6425 6832.5945 -209.0335
3 23 14856.7572 6831.6017 -209.066
3 24 14872.951 6643.5222 -265.7292
3 24 14873.0072 6642.6529 -266.2202
3 25 14883.7908 6484.3334 -385.9837
3 25 14883.8561 6483.5758 -386.6331
3 26 14904.7958 6330.2822 -511.5716
3 26 14904.9514 6329.4764 -512.1429
3 27 14953.1199 6154.9621 -591.8985
3 27 14953.4236 6154.041 -592.1421
3 28 15017.3478 5967.3084 -615.7806
3 28 15017.6669 5966.3635 -615.8534
3 29 15069.3852 5774.7807 -629.1649
3 29 15069.6081 5773.8098 -629.2521
3 30 15089.1424 5580.3836 -669.7081
3 30 15089.1622 5579.4242 -669.9896
3 31 15083.198 5392.1467 -736.712
3 31 15083.1403 5391.2194 -737.0818
3 32 15073.1239 5207.9753 -814.0089
3 32 15073.107 5207.053 -814.3948
3 33 15114.0964 5023.2101 -869.8095
3 33 15114.5435 5022.3239 -869.9305
3 34 15130.3497 4836.8413 -918.6807
3 34 15130.2185 4835.951 -919.1167
3 35 15149.0893 4674.3935 -1029.6607
3 35 15149.4141 4673.6801 -1030.2817
3 36 15232.5399 4543.1384 -1155.0946
3 36 15233.0075 4542.5147 -1155.7209
3 37 15326.7372 4417.8269 -1279.2842
3 37 15327.1814 4417.1795 -1279.9036
3 38 15393.7486 4278.3824 -1405.0839
3 38 15393.9262 4277.6317 -1405.7202
3 39 15388.5275 4122.4213 -1528.5113
3 39 15388.3707 4121.6286 -1529.1006
3 40 15356.2081 3957.4007 -1636.4238
3 40 15356.1245 3956.5331 -1636.9139
3 41 15417.4432 3782.1355 -1694.6671
3 41 15417.9844 3781.3022 -1694.7797
3 42 15506.5084 3604.592 -1695.8654
3 42 15506.7591 3603.624 -1695.8542
3 43 15514.9658 3405.4861 -1701.4938
3 43 15514.8987 3404.4913 -1701.5696
3 44 15495.9365 3208.6686 -1730.2658
3 44 15495.8379 3207.6994 -1730.4916
3 45 15487.8887 3025.3259 -1807.4012
3 45 15487.9091 3024.4814 -1807.9364
3 46 15496.5599 2868.5555 -1930.9661
3 46 15496.6029 2867.8026 -1931.6228
3 47 15498.5665 2712.2334 -2055.4783
3 47 15498.571 2711.408 -2056.043
3 48 15516.4564 2530.2076 -2132.0172
3 48 15516.6567 2529.2433 -2132.1905
3 49 15578.2729 2340.3079 -2130.3503
3 49 15578.6129 2339.3677 -2130.33
3 50 15633.5716 2155.0698 -2172.5225
3 50 15633.7491 2154.197 -2172.9772
3 51 15655.5029 1986.8223 -2278.1103
3 51 15655.5677 1985.9841 -2278.6518
3 52 15661.6864 1807.7505 -2365.5114
3 52 15661.6991 1806.7989 -2365.8184
3 53 15664.1075 1610.6056 -2397.3991
3 53 15664.1317 1609.6109 -2397.4987
3 54 15679.1742 1414.8149 -2432.3874
3 54 15679.3093 1413.874 -2432.698
3 55 15718.8651 1241.6143 -2523.32
3 55 15719.1005 1240.7871 -2523.8301
3 56 15765.9247 1067.7596 -2608.9375
3 56 15766.1406 1066.8237 -2609.2159
3 57 15804.1476 874.9397 -2644.7756
3 57 15804.3211 873.964 -2644.9096
3 58 15837.4911 681.6352 -2683.0603
3 58 15837.667 680.6853 -2683.3186
3 59 15879.4945 493.3955 -2735.8327
3 59 15879.7395 492.4588 -2736.0827
3 60 15936.9126 306.4479 -2777.4921
3 60 15937.22 305.5139 -2777.6745
3 61 15997.9947 119.2044 -2812.3027
3 61 15998.2907 118.2648 -2812.4748
3 62 16051.9691 -69.8534 -2848.8866
3 62 16052.2189 -70.8017 -2849.0828
3 63 16098.6996 -258.9463 -2894.1734
3 63 16098.9257 -259.8859 -2894.4302
3 64 16144.4705 -443.322 -2956.457
3 64 16144.7041 -444.225 -2956.8177
3 65 16191.1192 -622.6282 -3031.7934
3 65 16191.3494 -623.5254 -3032.1701
3 66 16235.9439 -804.5363 -3101.736
3 66 16236.1647 -805.4562 -3102.0603
3 67 16281.1968 -989.6925 -3162.3078
3 67 16281.431 -990.6205 -3162.5974
3 68 16332.3813 -1174.7437 -3218.2823
3 68 16332.6638 -1175.6625 -3218.5578
4 0 13499.7442 10275.9888 742.4959
4 0 13502.0426 10277.0094 744.1317
4 1 13596.2947 10246.7968 811.2395
4 1 13595.3377 10244.0849 810.3852
4 2 13595.0188 10243.1809 810.1005
4 2 13594.0619 10240.469 809.2462
4 3 13503.233 10096.0985 719.0468
4 3 13501.9375 10093.8278 717.5751
4 4 13501.5057 10093.071 717.0845
4 4 13500.2102 10090.8003 715.6128
4 5 13431.8456 9938.6565 618.9248
4 5 13431.0347 9936.1976 617.4094
4 6 13430.7644 9935.378 616.9043
4 6 13429.9536 9932.919 615.389
4 7 13405.8244 9767.5968 520.0139
4 7 13405.926 9764.9525 518.6007
4 8 13405.9599 9764.071 518.1296
4 8 13406.0614 9761.4266 516.7165
4 9 13454.9257 9593.628 437.7698
4 9 13456.2368 9591.1271 436.7567
4 10 13456.6739 9590.2934 436.419
4 10 13457.985 9587.7925 435.4059
4 11 13561.4687 9433.7384 383.2713
4 11 13563.2599 9431.414 382.648
4 12 13563.857 9430.6392 382.4402
4 12 13565.6482 9428.3148 381.8168
4 13 13682.4067 9277.641 352.0758
4 13 13684.2057 9275.2671 351.7178
4 14 13684.8053 9274.4758 351.5984
4 14 13686.6043 9272.1019 351.2404
4 15 13773.8476 9101.5741 350.1701
4 15 13774.5167 9098.6657 350.4768
4 16 13774.7398 9097.6963 350.579
4 16 13775.4089 9094.788 350.8857
4 17 13733.395 8914.957 394.4342
4 17 13731.9971 8912.4203 395.2162
4 18 13731.5312 8911.5748 395.4769
4 18 13730.1333 8909.0382 396.2589
4 19 13674.2037 8756.1022 377.7867
4 19 13676.1882 8755.1366 375.7547
4 20 13676.8498 8754.8148 375.0774
4 20 13678.8343 8753.8492 373.0453
4 21 13839.7607 8682.2654 324.816
4 21 13841.9788 8680.424 325.6462
4 22 13842.7182 8679.8102 325.923
4 22 13844.6678 8677.852 327.0911
4 23 13941.7238 8535.8398 413.6591
4 23 13943.1075 8533.4259 414.781
4 24 13943.5687 8532.6213 415.1549
4 24 13944.9525 8530.2074 416.2768
4 25 14042.7068 8367.8512 422.5169
4 25 14044.2971 8365.3723 421.946
4 26 14044.8272 8364.546 421.7557
4 26 14046.4189 8362.2051 420.7623
4 27 14147.7952 8226.559 329.2333
4 27 14149.371 8224.6178 327.5753
4 28 14149.8963 8223.9708 327.0227
4 28 14151.472 8222.0296 325.3648
4 29 14257.032 8102.9535 216.1996
4 29 14258.7929 8101.1424 214.5813
4 30 14259.3799 8100.5386 214.0418
4 30 14261.1408 8098.7275 212.4235
4 31 14392.1342 7980.3311 138.9952
4 31 14394.4702 7978.4846 138.6299
4 32 14395.2489 7977.8692 138.5081
4 32 14397.6228 7976.0415 138.3519
4 33 14547.769 7857.6366 161.0817
4 33 14549.9038 7855.529 161.1009
4 34 14550.6154 7854.8264 161.1073
4 34 14552.7502 7852.7187 161.1264
4 35 14650.7553 7710.5919 84.0384
4 35 14651.7941 7708.4668 82.1932
4 36 14652.1403 7707.7585 81.5781
4 36 14653.1791 7705.6334 79.7328
4 37 14706.8153 7568.5179 -44.9798
4 37 14707.5443 7566.3311 -46.8999
4 38 14707.7873 7565.6022 -47.5399
4 38 14708.5163 7563.4155 -49.46
4 39 14751.6021 7412.8054 -161.8545
4 39 14752.242 7410.294 -163.3656
4 40 14752.4553 7409.4569 -163.8693
4 40 14753.0952 7406.9455 -165.3804
4 41 14793.1676 7229.4938 -226.0956
4 41 14793.7591 7226.5677 -226.3924
4 42 14793.9563 7225.5924 -226.4913
4 42 14794.5478 7222.6663 -226.788
4 43 14828.9607 7033.1216 -221.6257
4 43 14829.4301 7030.1743 -221.3203
4 44 14829.5866 7029.1919 -221.2185
4 44 14830.056 7026.2447 -220.9132
4 45 14856.2984 6835.5731 -208.936
4 45 14856.6425 6832.5945 -209.0335
4 46 14856.7572 6831.6017 -209.066
4 46 14857.1013 6828.6231 -209.1635
4 47 14872.7822 6646.1302 -264.2562
4 47 14872.951 6643.5222 -265.7292
4 48 14873.0072 6642.6529 -266.2202
4 48 14873.176 6640.0448 -267.6932
4 49 14883.5948 6486.6062 -384.0353
4 49 14883.7908 6484.3334 -385.9837
4 50 14883.8561 6483.5758 -386.6331
4 50 14884.0521 6481.3031 -388.5815
4 51 14904.3292 6332.6999 -509.8578
4 51 14904.7958 6330.2822 -511.5716
4 52 14904.9514 6329.4764 -512.1429
4 52 14905.418 6327.0587 -513.8568
4 53 14952.2087 6157.7254 -591.1676
4 53 14953.1199 6154.9621 -591.8985
4 54 14953.4236 6154.041 -592.1421
4 54 14954.3348 6151.2778 -592.8729
4 55 15016.3905 5970.1432 -615.5621
4 55 15017.3478 5967.3084 -615.7806
4 56 15017.6669 5966.3635 -615.8534
4 56 15018.6242 5963.5287 -616.072
4 57 15068.7164 5777.6935 -628.9033
4 57 15069.3852 5774.7807 -629.1649
4 58 15069.6081 5773.8098 -629.2521
4 58 15070.2769 5770.897 -629.5137
4 59 15089.0833 5583.2616 -668.8634
4 59 15089.1424 5580.3836 -669.7081
4 60 15089.1622 5579.4242 -669.9896
4 60 15089.2213 5576.5462 -670.8342
4 61 15083.3712 5394.9287 -735.6025
4 61 15083.198 5392.1467 -736.712
4 62 15083.1403 5391.2194 -737.0818
4 62 15082.9671 5388.4375 -738.1913
4 63 15073.1746 5210.7424 -812.8511
4 63 15073.1239 5207.9753 -814.0089
4 64 15073.107 5207.053 -814.3948
4 64 15073.0562 5204.2859 -815.5526
4 65 15112.755 5025.8688 -869.4463
4 65 15114.0964 5023.2101 -869.8095
4 66 15114.5435 5022.3239 -869.9305
4 66 15115.9394 5019.685 -870.2272
4 67 15130.7432 4839.5122 -917.3725
4 67 15130.3497 4836.8413 -918.6807
4 68 15130.2185 4835.951 -919.1167
4 68 15129.8251 4833.2801 -920.425
4 69 15148.1149 4676.5335 -1027.7976
4 69 15149.0893 4674.3935 -1029.6607
4 70 15149.4141 4673.6801 -1030.2817
4 70 15150.3884 4671.5402 -1032.1448
4 71 15231.137 4545.0096 -1153.2156
4 71 15232.5399 4543.1384 -1155.0946
4 72 15233.0075 4542.5147 -1155.7209
4 72 15234.4222 4540.6504 -1157.5979
4 73 15325.4049 4419.7691 -1277.4261
4 73 15326.7372 4417.8269 -1279.2842
4 74 15327.1814 4417.1795 -1279.9036
4 74 15328.5137 4415.2373 -1281.7617
4 75 15393.2158 4280.6344 -1403.1749
4 75 15393.7486 4278.3824 -1405.0839
4 76 15393.9262 4277.6317 -1405.7202
4 76 15394.4591 4275.3796 -1407.6292
4 77 15388.9977 4124.7991 -1526.7437
4 77 15388.5275 4122.4213 -1528.5113
4 78 15388.3707 4121.6286 -1529.1006
4 78 15387.9005 4119.2508 -1530.8682
4 79 15356.4589 3960.0036 -1634.9534
4 79 15356.2081 3957.4007 -1636.4238
4 80 15356.1245 3956.5331 -1636.9139
4 80 15355.9885 3953.8951 -1638.3361
4 81 15415.8195 3784.6354 -1694.3292
4 81 15417.4432 3782.1355 -1694.6671
4 82 15417.9844 3781.3022 -1694.7797
4 82 15419.6081 3778.8023 -1695.1175
4 83 15505.7563 3607.496 -1695.8988
4 83 15506.5084 3604.592 -1695.8654
4 84 15506.7591 3603.624 -1695.8542
4 84 15507.5112 3600.72 -1695.8208
4 85 15515.1672 3408.4707 -1701.2663
4 85 15514.9658 3405.4861 -1701.4938
4 86 15514.8987 3404.4913 -1701.5696
4 86 15514.6974 3401.5067 -1701.7971
4 87 15496.232 3211.5761 -1729.5884
4 87 15495.9365 3208.6686 -1730.2658
4 88 15495.8379 3207.6994 -1730.4916
4 88 15495.5424 3204.7919 -1731.1691
4 89 15487.8275 3027.8594 -1805.7957
4 89 15487.8887 3025.3259 -1807.4012
4 90 15487.9091 3024.4814 -1807.9364
4 90 15487.9703 3021.9479 -1809.5419
4 91 15496.4308 2870.8145 -1928.9962
4 91 15496.5599 2868.5555 -1930.9661
4 92 15496.6029 2867.8026 -1931.6228
4 92 15496.732 2865.5437 -1933.5927
4 93 15498.5532 2714.7093 -2053.7844
4 93 15498.5665 2712.2334 -2055.4783
4 94 15498.571 2711.408 -2056.043
4 94 15498.5994 2708.8961 -2057.6828
4 95 15515.8555 2533.1005 -2131.4974
4 95 15516.4564 2530.2076 -2132.0172
4 96 15516.6567 2529.2433 -2132.1905
4 96 15517.3512 2526.3449 -2132.5319
4 97 15577.2529 2343.1285 -2130.4111
4 97 15578.2729 2340.3079 -2130.3503
4 98 15578.6129 2339.3677 -2130.33
4 98 15579.6329 2336.547 -2130.2692
4 99 15633.0392 2157.6882 -2171.1586
4 99 15633.5716 2155.0698 -2172.5225
4 100 15633.7491 2154.197 -2172.9772
4 100 15634.2816 2151.5785 -2174.3412
4 101 15655.3087 1989.337 -2276.4858
4 101 15655.5029 1986.8223 -2278.1103
4 102 15655.5677 1985.9841 -2278.6518
4 102 15655.7619 1983.4695 -2280.2763
4 103 15661.6483 1810.6054 -2364.5902
4 103 15661.6864 1807.7505 -2365.5114
4 104 15661.6991 1806.7989 -2365.8184
4 104 15661.7373 1803.9441 -2366.7396
4 105 15664.0349 1613.5898 -2397.1003
4 105 15664.1075 1610.6056 -2397.3991
4 106 15664.1317 1609.6109 -2397.4987
4 106 15664.2042 1606.6267 -2397.7974
4 107 15678.7689 1417.6377 -2431.4558
4 107 15679.1742 1414.8149 -2432.3874
4 108 15679.3093 1413.874 -2432.698
4 108 15679.754 1411.0925 -2433.7301
4 109 15718.1587 1244.0959 -2521.7895
4 109 15718.8651 1241.6143 -2523.32
4 110 15719.1005 1240.7871 -2523.8301
4 110 15719.8069 1238.3054 -2525.3606
4 111 15765.277 1070.5672 -2608.1022
4 111 15765.9247 1067.7596 -2608.9375
4 112 15766.1406 1066.8237 -2609.2159
4 112 15766.7883 1064.0161 -2610.0512
4 113 15803.6272 877.8668 -2644.3736
4 113 15804.1476 874.9397 -2644.7756
4 114 15804.3211 873.964 -2644.9096
4 114 15804.8328 871.0354 -2645.3113
4 115 15836.9739 684.4933 -2682.3093
4 115 15837.4911 681.6352 -2683.0603
4 116 15837.667 680.6853 -2683.3186
4 116 15838.1948 677.8356 -2684.0936
4 117 15878.7595 496.2057 -2735.0827
4 117 15879.4945 493.3955 -2735.8327
4 118 15879.7395 492.4588 -2736.0827
4 118 15880.4745 489.6485 -2736.8326
4 119 15935.9905 309.2498 -2776.9452
4 119 15936.9126 306.4479 -2777.4921
4 120 15937.22 305.5139 -2777.6745
4 120 15938.1421 302.712 -2778.2214
4 121 15997.1069 122.0231 -2811.7864
4 121 15997.9947 119.2044 -2812.3027
4 122 15998.2907 118.2648 -2812.4748
4 122 15999.169 115.4435 -2812.9931
4 123 16051.2199 -67.0087 -2848.2983
4 123 16051.9691 -69.8534 -2848.8866
4 124 16052.2189 -70.8017 -2849.0828
4 124 16052.9681 -73.6464 -2849.6712
4 125 16098.0213 -256.1273 -2893.4032
4 125 16098.6996 -258.9463 -2894.1734
4 126 16098.9257 -259.8859 -2894.4302
4 126 16099.6041 -262.7049 -2895.2004
4 127 16143.771 -440.6066 -2955.3906
4 127 16144.4705 -443.322 -2956.457
4 128 16144.7041 -444.225 -2956.8177
4 128 16145.4049 -446.934 -2957.8996
4 129 16190.4287 -619.9365 -3030.663
4 129 16191.1192 -622.6282 -3031.7934
4 130 16191.3494 -623.5254 -3032.1701
4 130 16192.0399 -626.2172 -3033.3005
4 131 16235.2815 -801.7769 -3100.7631
4 131 16235.9439 -804.5363 -3101.736
4 132 16236.1647 -805.4562 -3102.0603
4 132 16236.8274 -808.2197 -3103.0214
4 133 16280.4942 -986.9083 -3161.4391
4 133 16281.1968 -989.6925 -3162.3078
4 134 16281.431 -990.6205 -3162.5974
4 134 16282.1335 -993.4048 -3163.466
4 135 16331.5337 -1171.9872 -3217.4556
4 135 16332.3813 -1174.7437 -3218.2823
5 0 13502.0426 10277.0094 744.1317
5 0 13509.7039 10280.4114 749.5843
5 1 13599.4844 10255.8366 814.0871
5 1 13596.2947 10246.7968 811.2395
5 2 13594.0619 10240.469 809.2462
5 2 13589.3267 10232.7237 805.0523
5 3 13507.5514 10103.6673 723.9524
5 3 13503.233 10096.0985 719.0468
5 4 13500.2102 10090.8003 715.6128
5 4 13496.0011 10083.1869 710.6814
5 5 13434.5484 9946.8529 623.9759
5 5 13431.8456 9938.6565 618.9248
5 6 13429.9536 9932.919 615.389
5 6 13427.2507 9924.7227 610.3378
5 7 13405.4859 9776.4113 524.7245
5 7 13405.8244 9767.5968 520.0139
5 8 13406.0614 9761.4266 516.7165
5 8 13406.8003 9752.5913 512.0914
5 9 13450.5551 9601.9643 441.1467
5 9 13454.9257 9593.628 437.7698
5 10 13457.985 9587.7925 435.4059
5 10 13462.5991 9579.5349 432.1621
5 11 13555.7249 9441.5731 385.6434
5 11 13561.4687 9433.7384 383.2713
5 12 13565.6482 9428.3148 381.8168
5 12 13571.6189 9420.5667 379.7389
5 13 13676.4101 9285.5541 353.2693
5 13 13682.4067 9277.641 352.0758
5 14 13686.6043 9272.1019 351.2404
5 14 13692.4079 9264.0073 350.3479
5 15 13771.6173 9111.2684 349.1478
5 15 13773.8476 9101.5741 350.1701
5 16 13775.4089 9094.788 350.8857
5 16 13776.7264 9084.9685 352.2428
5 17 13738.0545 8923.4124 391.8276
5 17 13733.395 8914.957 394.4342
5 18 13730.1333 8909.0382 396.2589
5 18 13725.061 8900.8096 398.8206
5 19 13669.3882 8761.4713 384.7138
5 19 13674.2037 8756.1022 377.7867
5 20 13678.8343 8753.8492 373.0453
5 20 13686.0582 8751.2983 366.6181
5 21 13832.3669 8688.4033 322.0488
5 21 13839.7607 8682.2654 324.816
5 22 13844.6678 8677.852 327.0911
5 22 13850.9469 8671.2392 331.1952
5 23 13937.1113 8543.886 409.9197
5 23 13941.7238 8535.8398 413.6591
5 24 13944.9525 8530.2074 416.2768
5 24 13949.6057 8521.9958 419.5808
5 25 14037.4058 8376.1143 424.4198
5 25 14042.7068 8367.8512 422.5169
5 26 14046.4189 8362.2051 420.7623
5 26 14051.7245 8354.4022 417.451
5 27 14142.5426 8233.0296 334.7597
5 27 14147.7952 8226.559 329.2333
5 28 14151.472 8222.0296 325.3648
5 28 14156.7247 8215.559 319.8383
5 29 14251.3815 8109.0152 221.7967
5 29 14257.032 8102.9535 216.1996
5 30 14261.1408 8098.7275 212.4235
5 30 14267.0106 8092.6903 207.0292
5 31 14384.3473 7986.4859 140.2129
5 31 14392.1342 7980.3311 138.9952
5 32 14397.6228 7976.0415 138.3519
5 32 14405.5358 7969.9495 137.831
5 33 14540.5093 7864.4947 160.5689
5 33 14547.769 7857.6366 161.0817
5 34 14552.7502 7852.7187 161.1264
5 34 14559.7373 7845.5719 160.8053
5 35 14647.2927 7717.6755 90.1894
5 35 14650.7553 7710.5919 84.0384
5 36 14653.1791 7705.6334 79.7328
5 36 14656.4521 7698.5871 73.4371
5 37 14704.3854 7575.807 -38.5795
5 37 14706.8153 7568.5179 -44.9798
5 38 14708.5163 7563.4155 -49.46
5 38 14710.9463 7556.1263 -55.8603
5 39 14749.4691 7421.1767 -156.8175
5 39 14751.6021 7412.8054 -161.8545
5 40 14753.0952 7406.9455 -165.3804
5 40 14755.2281 7398.5741 -170.4174
5 41 14791.1311 7239.0996 -224.203
5 41 14793.1676 7229.4938 -226.0956
5 42 14794.5478 7222.6663 -226.788
5 42 14796.5195 7212.9126 -227.7772
5 43 14827.3004 7042.9476 -222.4588
5 43 14828.9607 7033.1216 -221.6257
5 44 14830.056 7026.2447 -220.9132
5 44 14831.6207 7016.4204 -219.8953
5 45 14855.1515 6845.5018 -208.6112
5 45 14856.2984 6835.5731 -208.936
5 46 14857.1013 6828.6231 -209.1635
5 46 14858.193 6818.7069 -209.8545
5 47 14872.2197 6654.8236 -259.3462
5 47 14872.7822 6646.1302 -264.2562
5 48 14873.176 6640.0448 -267.6932
5 48 14873.7068 6631.545 -272.9345
5 49 14882.9414 6494.182 -377.5407
5 49 14883.5948 6486.6062 -384.0353
5 50 14884.0521 6481.3031 -388.5815
5 50 14884.7545 6473.7517 -395.0994
5 51 14902.7739 6340.7587 -504.145
5 51 14904.3292 6332.6999 -509.8578
5 52 14905.418 6327.0587 -513.8568
5 52 14907.1122 6318.8796 -519.3551
5 53 14949.1714 6166.9362 -588.7315
5 53 14952.2087 6157.7254 -591.1676
5 54 14954.3348 6151.2778 -592.8729
5 54 14957.3722 6142.0669 -595.3091
5 55 15013.1996 5979.5924 -614.8336
5 55 15016.3905 5970.1432 -615.5621
5 56 15018.6242 5963.5287 -616.072
5 56 15021.688 5954.0242 -616.5979
5 57 15066.487 5787.4027 -628.0314
5 57 15068.7164 5777.6935 -628.9033
5 58 15070.2769 5770.897 -629.5137
5 58 15072.0724 5761.1366 -630.7426
5 59 15088.8862 5592.8551 -666.048
5 59 15089.0833 5583.2616 -668.8634
5 60 15089.2213 5576.5462 -670.8342
5 60 15089.2955 5566.9886 -673.7748
5 61 15083.9485 5404.2017 -731.9042
5 61 15083.3712 5394.9287 -735.6025
5 62 15082.9671 5388.4375 -738.1913
5 62 15082.3898 5379.1645 -741.8895
5 63 15073.3438 5219.9661 -808.9917
5 63 15073.1746 5210.7424 -812.8511
5 64 15073.0562 5204.2859 -815.5526
5 64 15073.0808 5195.0374 -819.3559
5 65 15108.2836 5034.7312 -868.2357
5 65 15112.755 5025.8688 -869.4463
5 66 15115.9394 5019.685 -870.2272
5 66 15120.6143 5010.8936 -871.1525
5 67 15132.1417 4848.5213 -913.2639
5 67 15130.7432 4839.5122 -917.3725
5 68 15129.8251 4833.2801 -920.425
5 68 15128.6158 4824.4288 -924.9186
5 69 15145.571 4684.0411 -1021.7014
5 69 15148.1149 4676.5335 -1027.7976
5 70 15150.3884 4671.5402 -1032.1448
5 70 15153.7879 4664.4943 -1038.3738
5 71 15226.4609 4551.2469 -1146.9523
5 71 15231.137 4545.0096 -1153.2156
5 72 15234.4222 4540.6504 -1157.5979
5 72 15239.138 4534.436 -1163.8543
5 73 15320.7859 4426.1267 -1271.2418
5 73 15325.4049 4419.7691 -1277.4261
5 74 15328.5137 4415.2373 -1281.7617
5 74 15332.8799 4408.7185 -1287.9619
5 75 15390.7129 4287.9404 -1396.8221
5 75 15393.2158 4280.6344 -1403.1749
5 76 15394.4591 4275.3796 -1407.6292
5 76 15395.9957 4267.8175 -1413.9895
5 77 15390.5651 4132.7254 -1520.8515
5 77 15388.9977 4124.7991 -1526.7437
5 78 15387.9005 4119.2508 -1530.8682
5 78 15386.1536 4111.2959 -1536.6707
5 79 15357.2948 3968.6801 -1630.0523
5 79 15356.4589 3960.0036 -1634.9534
5 80 15355.9885 3953.8951 -1638.3361
5 80 15355.7214 3945.0559 -1643.0048
5 81 15410.4072 3792.9684 -1693.2031
5 81 15415.8195 3784.6354 -1694.3292
5 82 15419.6081 3778.8023 -1695.1175
5 82 15425.2175 3770.5547 -1695.8326
5 83 15503.2493 3617.176 -1696.0104
5 83 15505.7563 3607.496 -1695.8988
5 84 15507.5112 3600.72 -1695.8208
5 84 15509.4115 3590.9024 -1695.7618
5 85 15515.5253 3418.4497 -1700.7271
5 85 15515.1672 3408.4707 -1701.2663
5 86 15514.6974 3401.5067 -1701.7971
5 86 15513.966 3391.5673 -1702.6178
5 87 15497.2173 3221.2678 -1727.3301
5 87 15496.232 3211.5761 -1729.5884
5 88 15495.5424 3204.7919 -1731.1691
5 88 15494.611 3195.1534 -1733.6657
5 89 15487.8371 3036.6207 -1800.9751
5 89 15487.8275 3027.8594 -1805.7957
5 90 15487.9703 3021.9479 -1809.5419
5 90 15488.2223 3013.5847 -1815.0185
5 91 15496.0005 2878.3442 -1922.4298
5 91 15496.4308 2870.8145 -1928.9962
5 92 15496.732 2865.5437 -1933.5927
5 92 15497.1025 2858.0237 -1940.1739
5 93 15498.5086 2722.9627 -2048.1381
5 93 15498.5532 2714.7093 -2053.7844
5 94 15498.5994 2708.8961 -2057.6828
5 94 15498.7228 2700.4718 -2063.0695
5 95 15513.8528 2542.7434 -2129.7646
5 95 15515.8555 2533.1005 -2131.4974
5 96 15517.3512 2526.3449 -2132.5319
5 96 15519.7574 2516.6871 -2133.5001
5 97 15573.8528 2352.5305 -2130.6139
5 97 15577.2529 2343.1285 -2130.4111
5 98 15579.6329 2336.547 -2130.2692
5 98 15583.0163 2327.1369 -2130.312
5 99 15630.8411 2166.7122 -2167.4524
5 99 15633.0392 2157.6882 -2171.1586
5 100 15634.2816 2151.5785 -2174.3412
5 100 15635.9613 2142.9161 -2179.0464
5 101 15654.6613 1997.719 -2271.0709
5 101 15655.3087 1989.337 -2276.4858
5 102 15655.7619 1983.4695 -2280.2763
5 102 15656.3253 1975.0321 -2285.6142
5 103 15661.5212 1820.1214 -2361.5195
5 103 15661.6483 1810.6054 -2364.5902
5 104 15661.7373 1803.9441 -2366.7396
5 104 15661.8355 1794.3085 -2369.4128
5 105 15663.793 1623.5371 -2396.1045
5 105 15664.0349 1613.5898 -2397.1003
5 106 15664.2042 1606.6267 -2397.7974
5 106 15664.5061 1596.6793 -2398.777
5 107 15677.418 1427.0469 -2428.3506
5 107 15678.7689 1417.6377 -2431.4558
5 108 15679.754 1411.0925 -2433.7301
5 108 15681.2363 1401.8207 -2437.1706
5 109 15715.8245 1252.3689 -2516.6797
5 109 15718.1587 1244.0959 -2521.7895
5 110 15719.8069 1238.3054 -2525.3606
5 110 15722.1764 1230.0275 -2530.446
5 111 15763.0831 1079.8588 -2605.1268
5 111 15765.277 1070.5672 -2608.1022
5 112 15766.7883 1064.0161 -2610.0512
5 112 15768.9219 1054.6134 -2612.7039
5 113 15801.8924 887.6236 -2643.0336
5 113 15803.6272 877.8668 -2644.3736
5 114 15804.8328 871.0354 -2645.3113
5 114 15806.5385 861.2734 -2646.6503
5 115 15835.25 694.0202 -2679.8062
5 115 15836.9739 684.4933 -2682.3093
5 116 15838.1948 677.8356 -2684.0936
5 116 15839.9722 668.3466 -2686.7013
5 117 15876.3094 505.5731 -2732.5829
5 117 15878.7595 496.2057 -2735.0827
5 118 15880.4745 489.6485 -2736.8326
5 118 15883.0275 480.287 -2739.2502
5 119 15932.9683 318.5897 -2775.0393
5 119 15935.9905 309.2498 -2776.9452
5 120 15938.1421 302.712 -2778.2214
5 120 15941.224 293.3716 -2780.0264
5 121 15994.1476 131.4189 -2810.0657
5 121 15997.1069 122.0231 -2811.7864
5 122 15999.169 115.4435 -2812.9931
5 122 16002.0969 106.0391 -2814.7209
5 123 16048.7226 -57.5263 -2846.337
5 123 16051.2199 -67.0087 -2848.2983
5 124 16052.9681 -73.6464 -2849.6712
5 124 16055.4232 -83.1306 -2851.677
5 125 16095.7601 -246.7308 -2890.8357
5 125 16098.0213 -256.1273 -2893.4032
5 126 16099.6041 -262.7049 -2895.2004
5 126 16101.8587 -272.077 -2897.8612
5 127 16141.4392 -431.5554 -2951.8358
5 127 16143.771 -440.6066 -2955.3906
5 128 16145.4049 -446.934 -2957.8996
5 128 16147.7423 -455.9537 -2961.5301
5 129 16188.1084 -610.9864 -3026.8535
5 129 16190.4287 -619.9365 -3030.663
5 130 16192.0399 -626.2172 -3033.3005
5 130 16194.3353 -635.1995 -3037.0489
5 131 16233.0734 -792.5786 -3097.5202
5 131 16235.2815 -801.7769 -3100.7631
5 132 16236.8274 -808.2197 -3103.0214
5 132 16239.0363 -817.4315 -3106.2251
5 133 16278.1522 -977.6276 -3158.5435
5 133 16280.4942 -986.9083 -3161.4391
5 134 16282.1335 -993.4048 -3163.466
5 134 16284.5051 -1002.6859 -3166.3358
5 135 16328.83 -1162.7646 -3214.6925
5 135 16331.5337 -1171.9872 -3217.4556
6 0 13509.7039 10280.4114 749.5843
6 0 13554.0455 10298.8475 781.5179
6 1 13554.0455 10298.8475 781.5179
6 1 13598.9343 10313.5014 814.6252
6 2 13598.9343 10313.5014 814.6252
6 2 13599.4844 10255.8366 814.0871
6 3 13589.3267 10232.7237 805.0523
6 3 13561.1221 10189.6987 778.9913
6 4 13561.1221 10189.6987 778.9913
6 4 13533.6243 10146.8717 751.8702
6 5 13533.6243 10146.8717 751.8702
6 5 13507.5514 10103.6673 723.9524
6 6 13496.0011 10083.1869 710.6814
6 6 13473.1203 10038.6952 681.9971
6 7 13473.1203 10038.6952 681.9971
6 7 13452.0861 9993.4419 653.0916
6 8 13452.0861 9993.4419 653.0916
6 8 13434.5484 9946.8529 623.9759
6 9 13427.2507 9924.7227 610.3378
6 9 13415.3413 9876.3235 581.3289
6 10 13415.3413 9876.3235 581.3289
6 10 13408.2481 9826.7468 552.734
6 11 13408.2481 9826.7468 552.734
6 11 13405.4859 9776.4113 524.7245
6 12 13406.8003 9752.5913 512.0914
6 12 13414.374 9701.6102 486.2187
6 13 13414.374 9701.6102 486.2187
6 13 13429.803 9651.2773 462.6736
6 14 13429.803 9651.2773 462.6736
6 14 13450.5551 9601.9643 441.1467
6 15 13462.5991 9579.5349 432.1621
6 15 13491.0307 9532.545 414.5718
6 16 13491.0307 9532.545 414.5718
6 16 13522.6008 9486.756 399.323
6 17 13522.6008 9486.756 399.323
6 17 13555.7249 9441.5731 385.6434
6 18 13571.6189 9420.5667 379.7389
6 18 13606.6638 9375.9821 369.2555
6 19 13606.6638 9375.9821 369.2555
6 19 13641.8275 9331.1885 360.152
6 20 13641.8275 9331.1885 360.152
6 20 13676.4101 9285.5541 353.2693
6 21 13692.4079 9264.0073 350.3479
6 21 13724.0769 9215.9351 346.8891
6 22 13724.0769 9215.9351 346.8891
6 22 13751.6441 9165.286 346.1481
6 23 13751.6441 9165.286 346.1481
6 23 13771.6173 9111.2684 349.1478
6 24 13776.7264 9084.9685 352.2428
6 24 13774.9462 9028.3463 363.04
6 25 13774.9462 9028.3463 363.04
6 25 13761.1794 8974.0585 376.7929
6 26 13761.1794 8974.0585 376.7929
6 26 13738.0545 8923.4124 391.8276
6 27 13725.061 8900.8096 398.8206
6 27 13693.3114 8854.5331 412.0976
6 28 13693.3114 8854.5331 412.0976
6 28 13661.1384 8807.1607 418.9227
6 29 13661.1384 8807.1607 418.9227
6 29 13669.3882 8761.4713 384.7138
6 30 13686.0582 8751.2983 366.6181
6 30 13732.1964 8737.9461 334.6993
6 31 13732.1964 8737.9461 334.6993
6 31 13783.7929 8719.0997 317.1368
6 32 13783.7929 8719.0997 317.1368
6 32 13832.3669 8688.4033 322.0488
6 33 13850.9469 8671.2392 331.1952
6 33 13882.5585 8631.1881 358.0735
6 34 13882.5585 8631.1881 358.0735
6 34 13910.5651 8588.8594 385.455
6 35 13910.5651 8588.8594 385.455
6 35 13937.1113 8543.886 409.9197
6 36 13949.6057 8521.9958 419.5808
6 36 13977.3709 8473.2892 433.0932
6 37 13977.3709 8473.2892 433.0932
6 37 14006.8349 8423.7673 435.3938
6 38 14006.8349 8423.7673 435.3938
6 38 14037.4058 8376.1143 424.4198
6 39 14051.7245 8354.4022 417.451
6 39 14082.1567 8311.4801 393.8416
6 40 14082.1567 8311.4801 393.8416
6 40 14112.3595 8271.2303 365.6712
6 41 14112.3595 8271.2303 365.6712
6 41 14142.5426 8233.0296 334.7597
6 42 14156.7247 8215.559 319.8383
6 42 14187.3829 8179.3642 287.0383
6 43 14187.3829 8179.3642 287.0383
6 43 14218.7952 8143.9728 254.0755
6 44 14218.7952 8143.9728 254.0755
6 44 14251.3815 8109.0152 221.7967
6 45 14267.0106 8092.6903 207.0292
6 45 14302.8008 8057.703 178.3801
6 46 14302.8008 8057.703 178.3801
6 46 14341.3425 8022.2828 154.1772
6 47 14341.3425 8022.2828 154.1772
6 47 14384.3473 7986.4859 140.2129
6 48 14405.5358 7969.9495 137.831
6 48 14451.6587 7935.5997 142.1435
6 49 14451.6587 7935.5997 142.1435
6 49 14496.9334 7901.3583 152.3199
6 50 14496.9334 7901.3583 152.3199
6 50 14540.5093 7864.4947 160.5689
6 51 14559.7373 7845.5719 160.8053
6 51 14595.8846 7802.3288 148.5891
6 52 14595.8846 7802.3288 148.5891
6 52 14624.4241 7759.2937 122.9121
6 53 14624.4241 7759.2937 122.9121
6 53 14647.2927 7717.6755 90.1894
6 54 14656.4521 7698.5871 73.4371
6 54 14673.8757 7658.031 36.3231
6 55 14673.8757 7658.031 36.3231
6 55 14689.6274 7617.1867 -1.2197
6 56 14689.6274 7617.1867 -1.2197
6 56 14704.3854 7575.807 -38.5795
6 57 14710.9463 7556.1263 -55.8603
6 57 14724.2141 7512.8535 -91.599
6 58 14724.2141 7512.8535 -91.599
6 58 14736.9744 7467.8242 -125.2943
6 59 14736.9744 7467.8242 -125.2943
6 59 14749.4691 7421.1767 -156.8175
6 60 14755.2281 7398.5741 -170.4174
6 60 14767.3646 7347.8863 -195.101
6 61 14767.3646 7347.8863 -195.101
6 61 14779.3862 7294.4959 -213.2884
6 62 14779.3862 7294.4959 -213.2884
6 62 14791.1311 7239.0996 -224.203
6 63 14796.5195 7212.9126 -227.7772
6 63 14807.4537 7156.3161 -229.5388
6 64 14807.4537 7156.3161 -229.5388
6 64 14817.7251 7099.6138 -227.2634
6 65 14817.7251 7099.6138 -227.2634
6 65 14827.3004 7042.9476 -222.4588
6 66 14831.6207 7016.4204 -219.8953
6 66 14840.169 6959.6841 -214.0865
6 67 14840.169 6959.6841 -214.0865
6 67 14848.033 6902.7201 -209.7164
6 68 14848.033 6902.7201 -209.7164
6 68 14855.1515 6845.5018 -208.6112
6 69 14858.193 6818.7069 -209.8545
6 69 14863.8923 6761.9425 -218.2897
6 70 14863.8923 6761.9425 -218.2897
6 70 14868.5532 6706.889 -234.819
6 71 14868.5532 6706.889 -234.819
6 71 14872.2197 6654.8236 -259.3462
6 72 14873.7068 6631.545 -272.9345
6 72 14876.6305 6584.1641 -305.681
6 73 14876.6305 6584.1641 -305.681
6 73 14879.6396 6538.6444 -340.9617
6 74 14879.6396 6538.6444 -340.9617
6 74 14882.9414 6494.182 -377.5407
6 75 14884.7545 6473.7517 -395.0994
6 75 14889.4776 6430.1422 -432.5392
6 76 14889.4776 6430.1422 -432.5392
6 76 14895.1443 6386.1156 -469.3546
6 77 14895.1443 6386.1156 -469.3546
6 77 14902.7739 6340.7587 -504.145
6 78 14907.1122 6318.8796 -519.3551
6 78 14918.5341 6270.2599 -548.1907
6 79 14918.5341 6270.2599 -548.1907
6 79 14932.6592 6219.435 -571.4961
6 80 14932.6592 6219.435 -571.4961
6 80 14949.1714 6166.9362 -588.7315
6 81 14957.3722 6142.0669 -595.3091
6 81 14976.0097 6088.2485 -604.3674
6 82 14976.0097 6088.2485 -604.3674
6 82 14994.7977 6034.086 -610.6327
6 83 14994.7977 6034.086 -610.6327
6 83 15013.1996 5979.5924 -614.8336
6 84 15021.688 5954.0242 -616.5979
6 84 15038.5016 5898.9363 -619.5055
6 85 15038.5016 5898.9363 -619.5055
6 85 15053.6303 5843.3961 -623.0032
6 86 15053.6303 5843.3961 -623.0032
6 86 15066.487 5787.4027 -628.0314
6 87 15072.0724 5761.1366 -630.7426
6 87 15080.4664 5704.792 -639.7238
6 88 15080.4664 5704.792 -639.7238
6 88 15085.7629 5648.6494 -651.798
6 89 15085.7629 5648.6494 -651.798
6 89 15088.8862 5592.8551 -666.048
6 90 15089.2955 5566.9886 -673.7748
6 90 15088.8998 5512.1411 -691.5914
6 91 15088.8998 5512.1411 -691.5914
6 91 15086.9181 5457.9185 -711.1313
6 92 15086.9181 5457.9185 -711.1313
6 92 15083.9485 5404.2017 -731.9042
6 93 15082.3898 5379.1645 -741.8895
6 93 15078.7725 5325.997 -763.9342
6 94 15078.7725 5325.997 -763.9342
6 94 15075.5305 5273.0151 -786.4784
6 95 15075.5305 5273.0151 -786.4784
6 95 15073.3438 5219.9661 -808.9917
6 96 15073.0808 5195.0374 -819.3559
6 96 15076.2623 5141.328 -840.1168
6 97 15076.2623 5141.328 -840.1168
6 97 15087.5477 5087.3718 -857.0635
6 98 15087.5477 5087.3718 -857.0635
6 98 15108.2836 5034.7312 -868.2357
6 99 15120.6143 5010.8936 -871.1525
6 99 15141.0333 4957.3264 -877.433
6 100 15141.0333 4957.3264 -877.433
6 100 15140.24 4901.569 -892.1408
6 101 15140.24 4901.569 -892.1408
6 101 15132.1417 4848.5213 -913.2639
6 102 15128.6158 4824.4288 -924.9186
6 102 15125.9952 4774.716 -954.0322
6 103 15125.9952 4774.716 -954.0322
6 103 15130.8998 4727.3376 -986.5446
6 104 15130.8998 4727.3376 -986.5446
6 104 15145.571 4684.0411 -1021.7014
6 105 15153.7879 4664.4943 -1038.3738
6 105 15175.8502 4625.3464 -1074.5195
6 106 15175.8502 4625.3464 -1074.5195
6 106 15200.2556 4587.703 -1110.7575
6 107 15200.2556 4587.703 -1110.7575
6 107 15226.4609 4551.2469 -1146.9523
6 108 15239.138 4534.436 -1163.8543
6 108 15266.6505 4498.7127 -1199.8089
6 109 15266.6505 4498.7127 -1199.8089
6 109 15294.148 4462.7908 -1235.5767
6 110 15294.148 4462.7908 -1235.5767
6 110 15320.7859 4426.1267 -1271.2418
6 111 15332.8799 4408.7185 -1287.9619
6 111 15356.5329 4370.2968 -1323.8804
6 112 15356.5329 4370.2968 -1323.8804
6 112 15376.2789 4330.0742 -1360.1855
6 113 15376.2789 4330.0742 -1360.1855
6 113 15390.7129 4287.9404 -1396.8221
6 114 15395.9957 4267.8175 -1413.9895
6 114 15400.7938 4223.4457 -1450.5127
6 115 15400.7938 4223.4457 -1450.5127
6 115 15397.9004 4178.2491 -1486.2161
6 116 15397.9004 4178.2491 -1486.2161
6 116 15390.5651 4132.7254 -1520.8515
6 117 15386.1536 4111.2959 -1536.6707
6 117 15375.3438 4065.0059 -1569.3236
6 118 15375.3438 4065.0059 -1569.3236
6 118 15365.0463 4017.5641 -1600.4534
6 119 15365.0463 4017.5641 -1600.4534
6 119 15357.2948 3968.6801 -1630.0523
6 120 15355.7214 3945.0559 -1643.0048
6 120 15360.8389 3893.0261 -1667.3469
6 121 15360.8389 3893.0261 -1667.3469
6 121 15380.7813 3841.6411 -1684.309
6 122 15380.7813 3841.6411 -1684.309
6 122 15410.4072 3792.9684 -1693.2031
6 123 15425.2175 3770.5547 -1695.8326
6 123 15456.9526 3722.4291 -1697.4549
6 124 15456.9526 3722.4291 -1697.4549
6 124 15484.1822 3671.595 -1696.9335
6 125 15484.1822 3671.595 -1696.9335
6 125 15503.2493 3617.176 -1696.0104
6 126 15509.4115 3590.9024 -1695.7618
6 126 15516.1646 3533.6299 -1696.0517
6 127 15516.1646 3533.6299 -1696.0517
6 127 15517.5908 3475.9988 -1697.6173
6 128 15517.5908 3475.9988 -1697.6173
6 128 15515.5253 3418.4497 -1700.7271
6 129 15513.966 3391.5673 -1702.6178
6 129 15509.0149 3334.4009 -1708.39
6 130 15509.0149 3334.4009 -1708.39
6 130 15503.1653 3277.622 -1716.6223
6 131 15503.1653 3277.622 -1716.6223
6 131 15497.2173 3221.2678 -1727.3301
6 132 15494.611 3195.1534 -1733.6657
6 132 15490.2374 3140.3003 -1750.9236
6 133 15490.2374 3140.3003 -1750.9236
6 133 15487.8927 3087.1474 -1773.1743
6 134 15487.8927 3087.1474 -1773.1743
6 134 15487.8371 3036.6207 -1800.9751
6 135 15488.2223 3013.5847 -1815.0185
6 135 15490.3508 2966.6855 -1848.5113
6 136 15490.3508 2966.6855 -1848.5113
6 136 15493.2308 2921.9377 -1884.7766
6 137 15493.2308 2921.9377 -1884.7766
6 137 15496.0005 2878.3442 -1922.4298
6 138 15497.1025 2858.0237 -1940.1739
6 138 15498.2876 2814.2466 -1977.6972
6 139 15498.2876 2814.2466 -1977.6972
6 139 15498.5487 2769.4949 -2014.0709
6 140 15498.5487 2769.4949 -2014.0709
6 140 15498.5086 2722.9627 -2048.1381
6 141 15498.7228 2700.4718 -2063.0695
6 141 15500.548 2650.3508 -2091.5367
6 142 15500.548 2650.3508 -2091.5367
6 142 15505.079 2597.6878 -2114.5999
6 143 15505.079 2597.6878 -2114.5999
6 143 15513.8528 2542.7434 -2129.7646
6 144 15519.7574 2516.6871 -2133.5001
6 144 15535.8331 2461.3259 -2135.0933
6 145 15535.8331 2461.3259 -2135.0933
6 145 15554.3071 2406.7377 -2132.9327
6 146 15554.3071 2406.7377 -2132.9327
6 146 15573.8528 2352.5305 -2130.6139
6 147 15583.0163 2327.1369 -2130.312
6 147 15601.7847 2272.7394 -2134.1179
6 148 15601.7847 2272.7394 -2134.1179
6 148 15618.1646 2218.7536 -2146.0789
6 149 15618.1646 2218.7536 -2146.0789
6 149 15630.8411 2166.7122 -2167.4524
6 150 15635.9613 2142.9161 -2179.0464
6 150 15644.125 2093.8924 -2208.3016
6 151 15644.125 2093.8924 -2208.3016
6 151 15650.2364 2045.7702 -2239.4903
6 152 15650.2364 2045.7702 -2239.4903
6 152 15654.6613 1997.719 -2271.0709
6 153 15656.3253 1975.0321 -2285.6142
6 153 15658.8572 1925.4453 -2314.9496
6 154 15658.8572 1925.4453 -2314.9496
6 154 15660.5357 1873.9672 -2340.8921
6 155 15660.5357 1873.9672 -2340.8921
6 155 15661.5212 1820.1214 -2361.5195
6 156 15661.8355 1794.3085 -2369.4128
6 156 15662.2719 1737.9099 -2381.4474
6 157 15662.2719 1737.9099 -2381.4474
6 157 15662.8054 1680.8604 -2389.8672
6 158 15662.8054 1680.8604 -2389.8672
6 158 15663.793 1623.5371 -2396.1045
6 159 15664.5061 1596.6793 -2398.777
6 159 15666.9519 1539.4053 -2405.0645
6 160 15666.9519 1539.4053 -2405.0645
6 160 15671.1801 1482.6492 -2414.3759
6 161 15671.1801 1482.6492 -2414.3759
6 161 15677.418 1427.0469 -2428.3506
6 162 15681.2363 1401.8207 -2437.1706
6 162 15691.2469 1350.0773 -2460.585
6 163 15691.2469 1350.0773 -2460.585
6 163 15702.9953 1300.5936 -2487.7727
6 164 15702.9953 1300.5936 -2487.7727
6 164 15715.8245 1252.3689 -2516.6797
6 165 15722.1764 1230.0275 -2530.446
6 165 15736.0339 1181.9168 -2559.067
6 166 15736.0339 1181.9168 -2559.067
6 166 15749.889 1132.1574 -2584.7159
6 167 15749.889 1132.1574 -2584.7159
6 167 15763.0831 1079.8588 -2605.1268
6 168 15768.9219 1054.6134 -2612.7039
6 168 15780.6717 999.6006 -2625.4069
6 169 15780.6717 999.6006 -2625.4069
6 169 15791.6221 943.8087 -2635.0602
6 170 15791.6221 943.8087 -2635.0602
6 170 15801.8924 887.6236 -2643.0336
6 171 15806.5385 861.2734 -2646.6503
6 171 15816.1289 805.0745 -2655.3418
6 172 15816.1289 805.0745 -2655.3418
6 172 15825.5899 749.2655 -2666.3722
6 173 15825.5899 749.2655 -2666.3722
6 173 15835.25 694.0202 -2679.8062
6 174 15839.9722 668.3466 -2686.7013
6 174 15850.8026 613.8536 -2702.1622
6 175 15850.8026 613.8536 -2702.1622
6 175 15862.8196 559.6334 -2717.7054
6 176 15862.8196 559.6334 -2717.7054
6 176 15876.3094 505.5731 -2732.5829
6 177 15883.0275 480.287 -2739.2502
6 177 15898.6813 426.3392 -2752.3045
6 178 15898.6813 426.3392 -2752.3045
6 178 15915.5393 372.4529 -2764.048
6 179 15915.5393 372.4529 -2764.048
6 179 15932.9683 318.5897 -2775.0393
6 180 15941.224 293.3716 -2780.0264
6 180 15959.0414 239.4748 -2790.2001
6 181 15959.0414 239.4748 -2790.2001
6 181 15976.7733 185.5143 -2800.1835
6 182 15976.7733 185.5143 -2800.1835
6 182 15994.1476 131.4189 -2810.0657
6 183 16002.0969 106.0391 -2814.7209
6 183 16018.4677 51.6762 -2824.8452
6 184 16018.4677 51.6762 -2824.8452
6 184 16033.9839 -2.8679 -2835.3341
6 185 16033.9839 -2.8679 -2835.3341
6 185 16048.7226 -57.5263 -2846.337
6 186 16055.4232 -83.1306 -2851.677
6 186 16069.2284 -137.8044 -2863.7607
6 187 16069.2284 -137.8044 -2863.7607
6 187 16082.6323 -192.3736 -2876.7363
6 188 16082.6323 -192.3736 -2876.7363
6 188 16095.7601 -246.7308 -2890.8357
6 189 16101.8587 -272.077 -2897.8612
6 189 16114.8796 -325.8581 -2914.1054
6 190 16114.8796 -325.8581 -2914.1054
6 190 16128.0789 -378.9849 -2932.248
6 191 16128.0789 -378.9849 -2932.248
6 191 16141.4392 -431.5554 -2951.8358
6 192 16147.7423 -455.9537 -2961.5301
6 192 16161.2436 -507.7778 -2982.9266
6 193 16161.2436 -507.7778 -2982.9266
6 193 16174.727 -559.3714 -3004.8838
6 194 16174.727 -559.3714 -3004.8838
6 194 16188.1084 -610.9864 -3026.8535
6 195 16194.3353 -635.1995 -3037.0489
6 195 16207.4466 -687.2201 -3058.2096
6 196 16207.4466 -687.2201 -3058.2096
6 196 16220.3139 -739.729 -3078.2864
6 197 16220.3139 -739.729 -3078.2864
6 197 16233.0734 -792.5786 -3097.5202
6 198 16239.0363 -817.4315 -3106.2251
6 198 16251.8435 -870.7042 -3124.2202
6 199 16251.8435 -870.7042 -3124.2202
6 199 16264.8236 -924.1172 -3141.667
6 200 16264.8236 -924.1172 -3141.667
6 200 16278.1522 -977.6276 -3158.5435
6 201 16284.5051 -1002.6859 -3166.3358
6 201 16298.5123 -1056.1877 -3182.6817
6 202 16298.5123 -1056.1877 -3182.6817
6 202 16313.2377 -1109.5783 -3198.7574
6 203 16313.2377 -1109.5783 -3198.7574
6 203 16328.83 -1162.7646 -3214.6925
