label:cell.node[cell.axonnodes-1].v(0.5)
2001
0	-65
0.025	-64.8547
0.05	-64.8444
0.075	-64.9258
0.1	-65.0631
0.125	-65.2362
0.15	-65.4327
0.175	-65.6441
0.2	-65.8641
0.225	-66.0878
0.25	-66.3116
0.275	-66.5325
0.3	-66.7483
0.325	-66.9574
0.35	-67.1584
0.375	-67.3506
0.4	-67.5335
0.425	-67.7066
0.45	-67.8699
0.475	-68.0235
0.5	-68.1676
0.525	-68.3024
0.55	-68.4283
0.575	-68.5456
0.6	-68.6548
0.625	-68.7564
0.65	-68.8507
0.675	-68.9381
0.7	-69.0192
0.725	-69.0943
0.75	-69.1637
0.775	-69.228
0.8	-69.2874
0.825	-69.3423
0.85	-69.3929
0.875	-69.4397
0.9	-69.4828
0.925	-69.5226
0.95	-69.5593
0.975	-69.5931
1	-69.6242
1.025	-69.6528
1.05	-69.6792
1.075	-69.7035
1.1	-69.7259
1.125	-69.7465
1.15	-69.7654
1.175	-69.7828
1.2	-69.7988
1.225	-69.8136
1.25	-69.8271
1.275	-69.8396
1.3	-69.8511
1.325	-69.8617
1.35	-69.8715
1.375	-69.8805
1.4	-69.8889
1.425	-69.8966
1.45	-69.9037
1.475	-69.9103
1.5	-69.9165
1.525	-69.9222
1.55	-69.9276
1.575	-69.9326
1.6	-69.9373
1.625	-69.9417
1.65	-69.9459
1.675	-69.9499
1.7	-69.9536
1.725	-69.9572
1.75	-69.9607
1.775	-69.964
1.8	-69.9672
1.825	-69.9704
1.85	-69.9734
1.875	-69.9764
1.9	-69.9793
1.925	-69.9822
1.95	-69.9851
1.975	-69.988
2	-69.9908
2.025	-69.9937
2.05	-69.9965
2.075	-69.9994
2.1	-70.0022
2.125	-70.0051
2.15	-70.0081
2.175	-70.011
2.2	-70.014
2.225	-70.017
2.25	-70.0201
2.275	-70.0232
2.3	-70.0263
2.325	-70.0295
2.35	-70.0328
2.375	-70.036
2.4	-70.0394
2.425	-70.0427
2.45	-70.0462
2.475	-70.0496
2.5	-70.0532
2.525	-70.0567
2.55	-70.0603
2.575	-70.064
2.6	-70.0677
2.625	-70.0715
2.65	-70.0753
2.675	-70.0791
2.7	-70.083
2.725	-70.0869
2.75	-70.0909
2.775	-70.0949
2.8	-70.0989
2.825	-70.103
2.85	-70.1071
2.875	-70.1112
2.9	-70.1154
2.925	-70.1196
2.95	-70.1238
2.975	-70.1281
3	-70.1324
3.025	-70.1367
3.05	-70.141
3.075	-70.1454
3.1	-70.1498
3.125	-70.1542
3.15	-70.1586
3.175	-70.163
3.2	-70.1675
3.225	-70.1719
3.25	-70.1764
3.275	-70.1809
3.3	-70.1854
3.325	-70.1899
3.35	-70.1944
3.375	-70.1989
3.4	-70.2034
3.425	-70.2079
3.45	-70.2124
3.475	-70.2169
3.5	-70.2215
3.525	-70.226
3.55	-70.2305
3.575	-70.235
3.6	-70.2395
3.625	-70.244
3.65	-70.2486
3.675	-70.2531
3.7	-70.2575
3.725	-70.262
3.75	-70.2665
3.775	-70.271
3.8	-70.2754
3.825	-70.2799
3.85	-70.2843
3.875	-70.2887
3.9	-70.2931
3.925	-70.2975
3.95	-70.3019
3.975	-70.3062
4	-70.3106
4.025	-70.3149
4.05	-70.3192
4.075	-70.3235
4.1	-70.3278
4.125	-70.3321
4.15	-70.3363
4.175	-70.3405
4.2	-70.3447
4.225	-70.3489
4.25	-70.3531
4.275	-70.3572
4.3	-70.3614
4.325	-70.3655
4.35	-70.3696
4.375	-70.3736
4.4	-70.3777
4.425	-70.3817
4.45	-70.3857
4.475	-70.3897
4.5	-70.3937
4.525	-70.3976
4.55	-70.4015
4.575	-70.4054
4.6	-70.4093
4.625	-70.4131
4.65	-70.417
4.675	-70.4208
4.7	-70.4246
4.725	-70.4283
4.75	-70.4321
4.775	-70.4358
4.8	-70.4395
4.825	-70.4432
4.85	-70.4468
4.875	-70.4504
4.9	-70.454
4.925	-70.4576
4.95	-70.4612
4.975	-70.4647
5	-70.4682
5.025	-70.4717
5.05	-70.4752
5.075	-70.4786
5.1	-70.4821
5.125	-70.4855
5.15	-70.4889
5.175	-70.4922
5.2	-70.4956
5.225	-70.4989
5.25	-70.5022
5.275	-70.5054
5.3	-70.5087
5.325	-70.5119
5.35	-70.5151
5.375	-70.5183
5.4	-70.5215
5.425	-70.5246
5.45	-70.5278
5.475	-70.5309
5.5	-70.5339
5.525	-70.537
5.55	-70.54
5.575	-70.5431
5.6	-70.5461
5.625	-70.549
5.65	-70.552
5.675	-70.555
5.7	-70.5579
5.725	-70.5608
5.75	-70.5637
5.775	-70.5665
5.8	-70.5694
5.825	-70.5722
5.85	-70.575
5.875	-70.5778
5.9	-70.5805
5.925	-70.5833
5.95	-70.586
5.975	-70.5887
6	-70.5914
6.025	-70.5941
6.05	-70.5968
6.075	-70.5994
6.1	-70.602
6.125	-70.6046
6.15	-70.6072
6.175	-70.6098
6.2	-70.6123
6.225	-70.6149
6.25	-70.6174
6.275	-70.6199
6.3	-70.6224
6.325	-70.6248
6.35	-70.6273
6.375	-70.6297
6.4	-70.6321
6.425	-70.6345
6.45	-70.6369
6.475	-70.6393
6.5	-70.6416
6.525	-70.644
6.55	-70.6463
6.575	-70.6486
6.6	-70.6509
6.625	-70.6532
6.65	-70.6554
6.675	-70.6577
6.7	-70.6599
6.725	-70.6621
6.75	-70.6643
6.775	-70.6665
6.8	-70.6687
6.825	-70.6708
6.85	-70.673
6.875	-70.6751
6.9	-70.6772
6.925	-70.6793
6.95	-70.6814
6.975	-70.6835
7	-70.6855
7.025	-70.6876
7.05	-70.6896
7.075	-70.6917
7.1	-70.6937
7.125	-70.6956
7.15	-70.6976
7.175	-70.6996
7.2	-70.7016
7.225	-70.7035
7.25	-70.7054
7.275	-70.7073
7.3	-70.7093
7.325	-70.7111
7.35	-70.713
7.375	-70.7149
7.4	-70.7168
7.425	-70.7186
7.45	-70.7204
7.475	-70.7223
7.5	-70.7241
7.525	-70.7259
7.55	-70.7276
7.575	-70.7294
7.6	-70.7312
7.625	-70.7329
7.65	-70.7347
7.675	-70.7364
7.7	-70.7381
7.725	-70.7398
7.75	-70.7415
7.775	-70.7432
7.8	-70.7449
7.825	-70.7466
7.85	-70.7482
7.875	-70.7499
7.9	-70.7515
7.925	-70.7531
7.95	-70.7547
7.975	-70.7563
8	-70.7579
8.025	-70.7595
8.05	-70.7611
8.075	-70.7626
8.1	-70.7642
8.125	-70.7657
8.15	-70.7673
8.175	-70.7688
8.2	-70.7703
8.225	-70.7718
8.25	-70.7733
8.275	-70.7748
8.3	-70.7763
8.325	-70.7777
8.35	-70.7792
8.375	-70.7806
8.4	-70.7821
8.425	-70.7835
8.45	-70.7849
8.475	-70.7863
8.5	-70.7877
8.525	-70.7891
8.55	-70.7905
8.575	-70.7918
8.6	-70.7932
8.625	-70.7944
8.65	-70.7956
8.675	-70.7967
8.7	-70.7977
8.725	-70.7984
8.75	-70.7987
8.775	-70.7983
8.8	-70.7969
8.825	-70.7938
8.85	-70.7879
8.875	-70.7776
8.9	-70.7601
8.925	-70.7309
8.95	-70.6825
8.975	-70.604
9	-70.4743
9.025	-70.2662
9.05	-69.923
9.075	-69.3723
9.1	-68.4707
9.125	-67.0087
9.15	-64.6558
9.175	-60.735
9.2	-54.5164
9.225	-43.5668
9.25	-25.5844
9.275	-4.53817
9.3	3.23294
9.325	5.27238
9.35	5.03013
9.375	3.53367
9.4	1.20317
9.425	-1.7078
9.45	-5.00622
9.475	-8.53217
9.5	-12.1539
9.525	-15.7694
9.55	-19.3064
9.575	-22.7204
9.6	-25.9881
9.625	-29.1011
9.65	-32.0595
9.675	-34.8674
9.7	-37.5302
9.725	-40.0541
9.75	-42.4449
9.775	-44.7084
9.8	-46.8499
9.825	-48.8733
9.85	-50.7808
9.875	-52.5732
9.9	-54.2496
9.925	-55.8088
9.95	-57.25
9.975	-58.5734
10	-59.781
10.025	-60.8764
10.05	-61.8647
10.075	-62.7523
10.1	-63.5462
10.125	-64.2537
10.15	-64.8823
10.175	-65.4391
10.2	-65.931
10.225	-66.3644
10.25	-66.7451
10.275	-67.0787
10.3	-67.3699
10.325	-67.6232
10.35	-67.8428
10.375	-68.0322
10.4	-68.1948
10.425	-68.3334
10.45	-68.4507
10.475	-68.5491
10.5	-68.6308
10.525	-68.6976
10.55	-68.7514
10.575	-68.7935
10.6	-68.8253
10.625	-68.8482
10.65	-68.8632
10.675	-68.8713
10.7	-68.8733
10.725	-68.87
10.75	-68.8622
10.775	-68.8504
10.8	-68.8352
10.825	-68.817
10.85	-68.7964
10.875	-68.7737
10.9	-68.7492
10.925	-68.7232
10.95	-68.6961
10.975	-68.6679
11	-68.6391
11.025	-68.6097
11.05	-68.5799
11.075	-68.5498
11.1	-68.5196
11.125	-68.4894
11.15	-68.4593
11.175	-68.4293
11.2	-68.3996
11.225	-68.3702
11.25	-68.3411
11.275	-68.3125
11.3	-68.2843
11.325	-68.2566
11.35	-68.2294
11.375	-68.2028
11.4	-68.1767
11.425	-68.1512
11.45	-68.1263
11.475	-68.102
11.5	-68.0784
11.525	-68.0554
11.55	-68.033
11.575	-68.0112
11.6	-67.9901
11.625	-67.9696
11.65	-67.9498
11.675	-67.9306
11.7	-67.912
11.725	-67.8941
11.75	-67.8767
11.775	-67.8601
11.8	-67.844
11.825	-67.8285
11.85	-67.8136
11.875	-67.7994
11.9	-67.7857
11.925	-67.7726
11.95	-67.7601
11.975	-67.7481
12	-67.7367
12.025	-67.7259
12.05	-67.7156
12.075	-67.7058
12.1	-67.6965
12.125	-67.6878
12.15	-67.6795
12.175	-67.6718
12.2	-67.6645
12.225	-67.6578
12.25	-67.6515
12.275	-67.6456
12.3	-67.6402
12.325	-67.6352
12.35	-67.6307
12.375	-67.6266
12.4	-67.6229
12.425	-67.6196
12.45	-67.6168
12.475	-67.6142
12.5	-67.6121
12.525	-67.6104
12.55	-67.609
12.575	-67.6079
12.6	-67.6072
12.625	-67.6068
12.65	-67.6068
12.675	-67.607
12.7	-67.6076
12.725	-67.6085
12.75	-67.6096
12.775	-67.611
12.8	-67.6128
12.825	-67.6147
12.85	-67.617
12.875	-67.6194
12.9	-67.6222
12.925	-67.6251
12.95	-67.6283
12.975	-67.6317
13	-67.6353
13.025	-67.6391
13.05	-67.6431
13.075	-67.6473
13.1	-67.6517
13.125	-67.6562
13.15	-67.6609
13.175	-67.6656
13.2	-67.6705
13.225	-67.6754
13.25	-67.6803
13.275	-67.6849
13.3	-67.6892
13.325	-67.6929
13.35	-67.6953
13.375	-67.6958
13.4	-67.693
13.425	-67.6848
13.45	-67.6681
13.475	-67.6374
13.5	-67.5843
13.525	-67.4947
13.55	-67.3477
13.575	-67.1061
13.6	-66.7182
13.625	-66.0843
13.65	-65.081
13.675	-63.4378
13.7	-60.8572
13.725	-56.5894
13.75	-49.7892
13.775	-38.3099
13.8	-20.0637
13.825	-4.45324
13.85	0.547132
13.875	1.2558
13.9	0.0956004
13.925	-2.11916
13.95	-4.99457
13.975	-8.27056
14	-11.753
14.025	-15.2967
14.05	-18.7988
14.075	-22.1941
14.1	-25.4464
14.125	-28.5401
14.15	-31.4717
14.175	-34.2439
14.2	-36.8618
14.225	-39.3309
14.25	-41.657
14.275	-43.8456
14.3	-45.9021
14.325	-47.8311
14.35	-49.6369
14.375	-51.3225
14.4	-52.8902
14.425	-54.3417
14.45	-55.6789
14.475	-56.9043
14.5	-58.0212
14.525	-59.0339
14.55	-59.9477
14.575	-60.7684
14.6	-61.5026
14.625	-62.1569
14.65	-62.7379
14.675	-63.2522
14.7	-63.7059
14.725	-64.1048
14.75	-64.4543
14.775	-64.7594
14.8	-65.0246
14.825	-65.2541
14.85	-65.4515
14.875	-65.6204
14.9	-65.7637
14.925	-65.8843
14.95	-65.9846
14.975	-66.0668
15	-66.133
15.025	-66.185
15.05	-66.2243
15.075	-66.2524
15.1	-66.2707
15.125	-66.2803
15.15	-66.2822
15.175	-66.2773
15.2	-66.2666
15.225	-66.2506
15.25	-66.2302
15.275	-66.2059
15.3	-66.1782
15.325	-66.1476
15.35	-66.1144
15.375	-66.0792
15.4	-66.0422
15.425	-66.0036
15.45	-65.9639
15.475	-65.9231
15.5	-65.8816
15.525	-65.8395
15.55	-65.7969
15.575	-65.754
15.6	-65.711
15.625	-65.6679
15.65	-65.6249
15.675	-65.582
15.7	-65.5393
15.725	-65.497
15.75	-65.4549
15.775	-65.4133
15.8	-65.3721
15.825	-65.3315
15.85	-65.2913
15.875	-65.2517
15.9	-65.2128
15.925	-65.1744
15.95	-65.1367
15.975	-65.0996
16	-65.0633
16.025	-65.0276
16.05	-64.9926
16.075	-64.9584
16.1	-64.9248
16.125	-64.892
16.15	-64.86
16.175	-64.8287
16.2	-64.7982
16.225	-64.7684
16.25	-64.7394
16.275	-64.7112
16.3	-64.6837
16.325	-64.657
16.35	-64.6311
16.375	-64.606
16.4	-64.5816
16.425	-64.558
16.45	-64.5352
16.475	-64.5132
16.5	-64.492
16.525	-64.4716
16.55	-64.4519
16.575	-64.433
16.6	-64.415
16.625	-64.3977
16.65	-64.3811
16.675	-64.3654
16.7	-64.3505
16.725	-64.3363
16.75	-64.3229
16.775	-64.3103
16.8	-64.2985
16.825	-64.2874
16.85	-64.2771
16.875	-64.2676
16.9	-64.2589
16.925	-64.2509
16.95	-64.2437
16.975	-64.2373
17	-64.2316
17.025	-64.2267
17.05	-64.2225
17.075	-64.2191
17.1	-64.2165
17.125	-64.2145
17.15	-64.2134
17.175	-64.2129
17.2	-64.2132
17.225	-64.2141
17.25	-64.2158
17.275	-64.2182
17.3	-64.2213
17.325	-64.2251
17.35	-64.2295
17.375	-64.2346
17.4	-64.2404
17.425	-64.2468
17.45	-64.2538
17.475	-64.2615
17.5	-64.2698
17.525	-64.2786
17.55	-64.2881
17.575	-64.2981
17.6	-64.3087
17.625	-64.3198
17.65	-64.3314
17.675	-64.3436
17.7	-64.3562
17.725	-64.3693
17.75	-64.3828
17.775	-64.3968
17.8	-64.4112
17.825	-64.4261
17.85	-64.4413
17.875	-64.4568
17.9	-64.4727
17.925	-64.4889
17.95	-64.5055
17.975	-64.5223
18	-64.5394
18.025	-64.5567
18.05	-64.5742
18.075	-64.592
18.1	-64.61
18.125	-64.6281
18.15	-64.6464
18.175	-64.6648
18.2	-64.6833
18.225	-64.702
18.25	-64.7207
18.275	-64.7395
18.3	-64.7583
18.325	-64.7772
18.35	-64.7961
18.375	-64.815
18.4	-64.8339
18.425	-64.8528
18.45	-64.8717
18.475	-64.8905
18.5	-64.9093
18.525	-64.928
18.55	-64.9467
18.575	-64.9652
18.6	-64.9837
18.625	-65.0021
18.65	-65.0203
18.675	-65.0385
18.7	-65.0565
18.725	-65.0744
18.75	-65.0921
18.775	-65.1097
18.8	-65.1272
18.825	-65.1444
18.85	-65.1615
18.875	-65.1782
18.9	-65.1947
18.925	-65.2107
18.95	-65.2261
18.975	-65.2407
19	-65.2541
19.025	-65.2658
19.05	-65.2748
19.075	-65.2797
19.1	-65.2785
19.125	-65.2676
19.15	-65.2418
19.175	-65.193
19.2	-65.108
19.225	-64.9676
19.25	-64.7392
19.275	-64.3768
19.3	-63.7994
19.325	-62.8982
19.35	-61.4675
19.375	-59.2487
19.4	-55.6915
19.425	-50.1267
19.45	-40.9382
19.475	-26.5776
19.5	-10.3332
19.525	-3.66524
19.55	-2.49218
19.575	-3.59256
19.6	-5.84562
19.625	-8.75632
19.65	-12.0264
19.675	-15.4509
19.7	-18.8897
19.725	-22.2529
19.75	-25.4892
19.775	-28.5743
19.8	-31.4997
19.825	-34.2656
19.85	-36.8753
19.875	-39.3331
19.9	-41.6434
19.925	-43.8106
19.95	-45.839
19.975	-47.733
20	-49.4966
20.025	-51.1337
20.05	-52.6477
20.075	-54.0418
20.1	-55.3198
20.125	-56.4857
20.15	-57.5442
20.175	-58.5008
20.2	-59.3616
20.225	-60.133
20.25	-60.8219
20.275	-61.4348
20.3	-61.9784
20.325	-62.459
20.35	-62.8823
20.375	-63.2541
20.4	-63.5794
20.425	-63.8628
20.45	-64.1087
20.475	-64.3209
20.5	-64.503
20.525	-64.6581
20.55	-64.789
20.575	-64.8985
20.6	-64.9887
20.625	-65.0619
20.65	-65.1198
20.675	-65.1643
20.7	-65.1967
20.725	-65.2186
20.75	-65.231
20.775	-65.2351
20.8	-65.2319
20.825	-65.2223
20.85	-65.2069
20.875	-65.1867
20.9	-65.1621
20.925	-65.1337
20.95	-65.102
20.975	-65.0676
21	-65.0307
21.025	-64.9917
21.05	-64.951
21.075	-64.9088
21.1	-64.8654
21.125	-64.821
21.15	-64.7758
21.175	-64.73
21.2	-64.6838
21.225	-64.6372
21.25	-64.5905
21.275	-64.5436
21.3	-64.4968
21.325	-64.4501
21.35	-64.4036
21.375	-64.3573
21.4	-64.3113
21.425	-64.2657
21.45	-64.2206
21.475	-64.1758
21.5	-64.1316
21.525	-64.0879
21.55	-64.0448
21.575	-64.0023
21.6	-63.9603
21.625	-63.919
21.65	-63.8784
21.675	-63.8384
21.7	-63.7991
21.725	-63.7605
21.75	-63.7226
21.775	-63.6854
21.8	-63.649
21.825	-63.6133
21.85	-63.5783
21.875	-63.5441
21.9	-63.5107
21.925	-63.478
21.95	-63.4461
21.975	-63.415
22	-63.3847
22.025	-63.3552
22.05	-63.3265
22.075	-63.2985
22.1	-63.2714
22.125	-63.2452
22.15	-63.2197
22.175	-63.1951
22.2	-63.1713
22.225	-63.1483
22.25	-63.1262
22.275	-63.1049
22.3	-63.0846
22.325	-63.065
22.35	-63.0464
22.375	-63.0286
22.4	-63.0117
22.425	-62.9957
22.45	-62.9807
22.475	-62.9665
22.5	-62.9532
22.525	-62.9409
22.55	-62.9295
22.575	-62.9191
22.6	-62.9096
22.625	-62.901
22.65	-62.8934
22.675	-62.8868
22.7	-62.8812
22.725	-62.8766
22.75	-62.8729
22.775	-62.8703
22.8	-62.8687
22.825	-62.868
22.85	-62.8684
22.875	-62.8698
22.9	-62.8723
22.925	-62.8757
22.95	-62.8802
22.975	-62.8857
23	-62.8923
23.025	-62.8998
23.05	-62.9084
23.075	-62.918
23.1	-62.9286
23.125	-62.9402
23.15	-62.9528
23.175	-62.9663
23.2	-62.9809
23.225	-62.9963
23.25	-63.0127
23.275	-63.0301
23.3	-63.0482
23.325	-63.0673
23.35	-63.0872
23.375	-63.1079
23.4	-63.1294
23.425	-63.1516
23.45	-63.1745
23.475	-63.1981
23.5	-63.2224
23.525	-63.2472
23.55	-63.2726
23.575	-63.2985
23.6	-63.325
23.625	-63.3518
23.65	-63.379
23.675	-63.4066
23.7	-63.4345
23.725	-63.4627
23.75	-63.4911
23.775	-63.5197
23.8	-63.5484
23.825	-63.5773
23.85	-63.6062
23.875	-63.6351
23.9	-63.664
23.925	-63.6929
23.95	-63.7217
23.975	-63.7504
24	-63.779
24.025	-63.8074
24.05	-63.8356
24.075	-63.8635
24.1	-63.8913
24.125	-63.9188
24.15	-63.946
24.175	-63.9729
24.2	-63.9994
24.225	-64.0257
24.25	-64.0516
24.275	-64.0772
24.3	-64.1024
24.325	-64.1272
24.35	-64.1517
24.375	-64.1757
24.4	-64.1994
24.425	-64.2228
24.45	-64.2457
24.475	-64.2682
24.5	-64.2904
24.525	-64.3121
24.55	-64.3335
24.575	-64.3546
24.6	-64.3752
24.625	-64.3955
24.65	-64.4154
24.675	-64.435
24.7	-64.4542
24.725	-64.4731
24.75	-64.4916
24.775	-64.5099
24.8	-64.5278
24.825	-64.5454
24.85	-64.5627
24.875	-64.5797
24.9	-64.5965
24.925	-64.613
24.95	-64.6292
24.975	-64.6451
25	-64.6609
25.025	-64.6764
25.05	-64.6917
25.075	-64.7068
25.1	-64.7216
25.125	-64.7363
25.15	-64.7508
25.175	-64.7652
25.2	-64.7793
25.225	-64.7933
25.25	-64.8072
25.275	-64.8209
25.3	-64.8345
25.325	-64.848
25.35	-64.8614
25.375	-64.8746
25.4	-64.8878
25.425	-64.9009
25.45	-64.9139
25.475	-64.9268
25.5	-64.9396
25.525	-64.9524
25.55	-64.9651
25.575	-64.9778
25.6	-64.9904
25.625	-65.0029
25.65	-65.0155
25.675	-65.028
25.7	-65.0405
25.725	-65.0529
25.75	-65.0653
25.775	-65.0778
25.8	-65.0902
25.825	-65.1026
25.85	-65.115
25.875	-65.1274
25.9	-65.1397
25.925	-65.1521
25.95	-65.1646
25.975	-65.177
26	-65.1894
26.025	-65.2018
26.05	-65.2143
26.075	-65.2268
26.1	-65.2392
26.125	-65.2518
26.15	-65.2643
26.175	-65.2768
26.2	-65.2894
26.225	-65.302
26.25	-65.3146
26.275	-65.3273
26.3	-65.3399
26.325	-65.3526
26.35	-65.3653
26.375	-65.3781
26.4	-65.3909
26.425	-65.4036
26.45	-65.4165
26.475	-65.4293
26.5	-65.4422
26.525	-65.4551
26.55	-65.468
26.575	-65.4809
26.6	-65.4939
26.625	-65.5069
26.65	-65.5199
26.675	-65.5329
26.7	-65.5459
26.725	-65.559
26.75	-65.5721
26.775	-65.5852
26.8	-65.5983
26.825	-65.6114
26.85	-65.6245
26.875	-65.6377
26.9	-65.6509
26.925	-65.664
26.95	-65.6772
26.975	-65.6904
27	-65.7036
27.025	-65.7169
27.05	-65.7301
27.075	-65.7433
27.1	-65.7565
27.125	-65.7698
27.15	-65.783
27.175	-65.7962
27.2	-65.8095
27.225	-65.8227
27.25	-65.836
27.275	-65.8492
27.3	-65.8625
27.325	-65.8757
27.35	-65.8889
27.375	-65.9022
27.4	-65.9154
27.425	-65.9286
27.45	-65.9418
27.475	-65.955
27.5	-65.9682
27.525	-65.9814
27.55	-65.9946
27.575	-66.0077
27.6	-66.0209
27.625	-66.034
27.65	-66.0472
27.675	-66.0603
27.7	-66.0734
27.725	-66.0865
27.75	-66.0996
27.775	-66.1126
27.8	-66.1257
27.825	-66.1387
27.85	-66.1518
27.875	-66.1648
27.9	-66.1778
27.925	-66.1907
27.95	-66.2037
27.975	-66.2166
28	-66.2296
28.025	-66.2425
28.05	-66.2554
28.075	-66.2683
28.1	-66.2811
28.125	-66.294
28.15	-66.3068
28.175	-66.3196
28.2	-66.3324
28.225	-66.3451
28.25	-66.3579
28.275	-66.3706
28.3	-66.3833
28.325	-66.396
28.35	-66.4087
28.375	-66.4213
28.4	-66.434
28.425	-66.4466
28.45	-66.4592
28.475	-66.4718
28.5	-66.4843
28.525	-66.4969
28.55	-66.5094
28.575	-66.5219
28.6	-66.5344
28.625	-66.5469
28.65	-66.5593
28.675	-66.5717
28.7	-66.5842
28.725	-66.5965
28.75	-66.6089
28.775	-66.6213
28.8	-66.6336
28.825	-66.6459
28.85	-66.6582
28.875	-66.6705
28.9	-66.6828
28.925	-66.695
28.95	-66.7072
28.975	-66.7194
29	-66.7316
29.025	-66.7438
29.05	-66.7559
29.075	-66.7681
29.1	-66.7802
29.125	-66.7923
29.15	-66.8044
29.175	-66.8164
29.2	-66.8285
29.225	-66.8405
29.25	-66.8525
29.275	-66.8645
29.3	-66.8765
29.325	-66.8884
29.35	-66.9003
29.375	-66.9123
29.4	-66.9242
29.425	-66.9361
29.45	-66.9479
29.475	-66.9598
29.5	-66.9716
29.525	-66.9834
29.55	-66.9952
29.575	-67.007
29.6	-67.0188
29.625	-67.0305
29.65	-67.0423
29.675	-67.054
29.7	-67.0657
29.725	-67.0773
29.75	-67.089
29.775	-67.1007
29.8	-67.1123
29.825	-67.1239
29.85	-67.1355
29.875	-67.1471
29.9	-67.1587
29.925	-67.1702
29.95	-67.1817
29.975	-67.1933
30	-67.2048
30.025	-67.2162
30.05	-67.2277
30.075	-67.2392
30.1	-67.2506
30.125	-67.262
30.15	-67.2734
30.175	-67.2848
30.2	-67.2962
30.225	-67.3075
30.25	-67.3189
30.275	-67.3302
30.3	-67.3415
30.325	-67.3528
30.35	-67.3641
30.375	-67.3753
30.4	-67.3866
30.425	-67.3978
30.45	-67.409
30.475	-67.4202
30.5	-67.4314
30.525	-67.4426
30.55	-67.4537
30.575	-67.4648
30.6	-67.476
30.625	-67.4871
30.65	-67.4982
30.675	-67.5092
30.7	-67.5203
30.725	-67.5313
30.75	-67.5423
30.775	-67.5533
30.8	-67.5643
30.825	-67.5753
30.85	-67.5863
30.875	-67.5972
30.9	-67.6081
30.925	-67.6191
30.95	-67.63
30.975	-67.6408
31	-67.6517
31.025	-67.6626
31.05	-67.6734
31.075	-67.6842
31.1	-67.695
31.125	-67.7058
31.15	-67.7166
31.175	-67.7273
31.2	-67.7381
31.225	-67.7488
31.25	-67.7595
31.275	-67.7702
31.3	-67.7809
31.325	-67.7915
31.35	-67.8022
31.375	-67.8128
31.4	-67.8234
31.425	-67.834
31.45	-67.8446
31.475	-67.8552
31.5	-67.8658
31.525	-67.8763
31.55	-67.8868
31.575	-67.8973
31.6	-67.9078
31.625	-67.9183
31.65	-67.9288
31.675	-67.9392
31.7	-67.9496
31.725	-67.9601
31.75	-67.9705
31.775	-67.9809
31.8	-67.9912
31.825	-68.0016
31.85	-68.0119
31.875	-68.0222
31.9	-68.0325
31.925	-68.0428
31.95	-68.0531
31.975	-68.0634
32	-68.0736
32.025	-68.0838
32.05	-68.094
32.075	-68.1042
32.1	-68.1143
32.125	-68.1243
32.15	-68.1343
32.175	-68.1441
32.2	-68.1538
32.225	-68.1631
32.25	-68.172
32.275	-68.1802
32.3	-68.1872
32.325	-68.1925
32.35	-68.1949
32.375	-68.1929
32.4	-68.1839
32.425	-68.1637
32.45	-68.1259
32.475	-68.0603
32.5	-67.9504
32.525	-67.7711
32.55	-67.4806
32.575	-67.0168
32.6	-66.275
32.625	-65.099
32.65	-63.2268
32.675	-60.2505
32.7	-55.4894
32.725	-47.6846
32.75	-34.9356
32.775	-15.2497
32.8	-2.50562
32.825	1.09039
32.85	1.19459
32.875	-0.318179
32.9	-2.77976
32.925	-5.83679
32.95	-9.24418
32.975	-12.8167
33	-16.417
33.025	-19.9509
33.05	-23.3611
33.075	-26.6185
33.1	-29.7127
33.125	-32.6436
33.15	-35.4153
33.175	-38.0331
33.2	-40.5019
33.225	-42.8261
33.25	-45.0098
33.275	-47.0566
33.3	-48.9699
33.325	-50.7524
33.35	-52.4067
33.375	-53.9347
33.4	-55.339
33.425	-56.6228
33.45	-57.7902
33.475	-58.8464
33.5	-59.7974
33.525	-60.6502
33.55	-61.4119
33.575	-62.0899
33.6	-62.6914
33.625	-63.2235
33.65	-63.6928
33.675	-64.1054
33.7	-64.4671
33.725	-64.783
33.75	-65.0579
33.775	-65.2961
33.8	-65.5016
33.825	-65.6778
33.85	-65.8279
33.875	-65.9547
33.9	-66.0609
33.925	-66.1488
33.95	-66.2203
33.975	-66.2773
34	-66.3216
34.025	-66.3546
34.05	-66.3777
34.075	-66.3919
34.1	-66.3985
34.125	-66.3983
34.15	-66.3922
34.175	-66.381
34.2	-66.3653
34.225	-66.3457
34.25	-66.3229
34.275	-66.2972
34.3	-66.2691
34.325	-66.2389
34.35	-66.2071
34.375	-66.1739
34.4	-66.1395
34.425	-66.1043
34.45	-66.0684
34.475	-66.032
34.5	-65.9952
34.525	-65.9583
34.55	-65.9214
34.575	-65.8845
34.6	-65.8477
34.625	-65.8113
34.65	-65.7751
34.675	-65.7394
34.7	-65.7041
34.725	-65.6694
34.75	-65.6352
34.775	-65.6016
34.8	-65.5686
34.825	-65.5364
34.85	-65.5048
34.875	-65.4739
34.9	-65.4438
34.925	-65.4145
34.95	-65.3859
34.975	-65.3582
35	-65.3312
35.025	-65.305
35.05	-65.2797
35.075	-65.2551
35.1	-65.2314
35.125	-65.2085
35.15	-65.1865
35.175	-65.1653
35.2	-65.1449
35.225	-65.1253
35.25	-65.1066
35.275	-65.0887
35.3	-65.0716
35.325	-65.0553
35.35	-65.0398
35.375	-65.0252
35.4	-65.0114
35.425	-64.9984
35.45	-64.9861
35.475	-64.9747
35.5	-64.964
35.525	-64.9541
35.55	-64.945
35.575	-64.9366
35.6	-64.929
35.625	-64.9222
35.65	-64.916
35.675	-64.9106
35.7	-64.906
35.725	-64.902
35.75	-64.8987
35.775	-64.8961
35.8	-64.8942
35.825	-64.8929
35.85	-64.8923
35.875	-64.8924
35.9	-64.8931
35.925	-64.8943
35.95	-64.8962
35.975	-64.8987
36	-64.9018
36.025	-64.9054
36.05	-64.9096
36.075	-64.9144
36.1	-64.9196
36.125	-64.9254
36.15	-64.9317
36.175	-64.9384
36.2	-64.9456
36.225	-64.9533
36.25	-64.9615
36.275	-64.97
36.3	-64.979
36.325	-64.9884
36.35	-64.9981
36.375	-65.0082
36.4	-65.0187
36.425	-65.0296
36.45	-65.0407
36.475	-65.0522
36.5	-65.064
36.525	-65.076
36.55	-65.0883
36.575	-65.1009
36.6	-65.1138
36.625	-65.1269
36.65	-65.1402
36.675	-65.1537
36.7	-65.1674
36.725	-65.1812
36.75	-65.1953
36.775	-65.2095
36.8	-65.2239
36.825	-65.2384
36.85	-65.253
36.875	-65.2678
36.9	-65.2827
36.925	-65.2976
36.95	-65.3127
36.975	-65.3278
37	-65.343
37.025	-65.3583
37.05	-65.3736
37.075	-65.389
37.1	-65.4044
37.125	-65.4199
37.15	-65.4354
37.175	-65.4509
37.2	-65.4664
37.225	-65.4819
37.25	-65.4974
37.275	-65.513
37.3	-65.5285
37.325	-65.544
37.35	-65.5595
37.375	-65.575
37.4	-65.5905
37.425	-65.6059
37.45	-65.6213
37.475	-65.6367
37.5	-65.652
37.525	-65.6673
37.55	-65.6826
37.575	-65.6978
37.6	-65.713
37.625	-65.7281
37.65	-65.7432
37.675	-65.7583
37.7	-65.7733
37.725	-65.7882
37.75	-65.8031
37.775	-65.818
37.8	-65.8328
37.825	-65.8475
37.85	-65.8622
37.875	-65.8768
37.9	-65.8914
37.925	-65.906
37.95	-65.9204
37.975	-65.9349
38	-65.9492
38.025	-65.9636
38.05	-65.9778
38.075	-65.9921
38.1	-66.0062
38.125	-66.0204
38.15	-66.0344
38.175	-66.0485
38.2	-66.0624
38.225	-66.0764
38.25	-66.0903
38.275	-66.1041
38.3	-66.1179
38.325	-66.1317
38.35	-66.1454
38.375	-66.159
38.4	-66.1727
38.425	-66.1862
38.45	-66.1998
38.475	-66.2133
38.5	-66.2268
38.525	-66.2402
38.55	-66.2536
38.575	-66.2669
38.6	-66.2803
38.625	-66.2935
38.65	-66.3068
38.675	-66.32
38.7	-66.3332
38.725	-66.3464
38.75	-66.3595
38.775	-66.3726
38.8	-66.3857
38.825	-66.3987
38.85	-66.4117
38.875	-66.4247
38.9	-66.4377
38.925	-66.4506
38.95	-66.4635
38.975	-66.4764
39	-66.4893
39.025	-66.5021
39.05	-66.5149
39.075	-66.5277
39.1	-66.5405
39.125	-66.5532
39.15	-66.566
39.175	-66.5787
39.2	-66.5913
39.225	-66.604
39.25	-66.6167
39.275	-66.6293
39.3	-66.6419
39.325	-66.6545
39.35	-66.6671
39.375	-66.6796
39.4	-66.6922
39.425	-66.7047
39.45	-66.7172
39.475	-66.7297
39.5	-66.7421
39.525	-66.7546
39.55	-66.767
39.575	-66.7794
39.6	-66.7918
39.625	-66.8042
39.65	-66.8166
39.675	-66.829
39.7	-66.8413
39.725	-66.8536
39.75	-66.8659
39.775	-66.8782
39.8	-66.8905
39.825	-66.9028
39.85	-66.915
39.875	-66.9273
39.9	-66.9395
39.925	-66.9517
39.95	-66.9639
39.975	-66.976
40	-66.9882
40.025	-67.0003
40.05	-67.0125
40.075	-67.0246
40.1	-67.0367
40.125	-67.0488
40.15	-67.0609
40.175	-67.0729
40.2	-67.085
40.225	-67.097
40.25	-67.109
40.275	-67.121
40.3	-67.133
40.325	-67.1449
40.35	-67.1569
40.375	-67.1688
40.4	-67.1808
40.425	-67.1927
40.45	-67.2046
40.475	-67.2164
40.5	-67.2283
40.525	-67.2402
40.55	-67.252
40.575	-67.2638
40.6	-67.2756
40.625	-67.2874
40.65	-67.2992
40.675	-67.3109
40.7	-67.3227
40.725	-67.3344
40.75	-67.3461
40.775	-67.3578
40.8	-67.3695
40.825	-67.3812
40.85	-67.3928
40.875	-67.4045
40.9	-67.4161
40.925	-67.4277
40.95	-67.4393
40.975	-67.4509
41	-67.4624
41.025	-67.474
41.05	-67.4855
41.075	-67.497
41.1	-67.5085
41.125	-67.52
41.15	-67.5315
41.175	-67.5429
41.2	-67.5544
41.225	-67.5658
41.25	-67.5772
41.275	-67.5886
41.3	-67.5999
41.325	-67.6113
41.35	-67.6226
41.375	-67.634
41.4	-67.6453
41.425	-67.6566
41.45	-67.6678
41.475	-67.6791
41.5	-67.6904
41.525	-67.7016
41.55	-67.7128
41.575	-67.724
41.6	-67.7352
41.625	-67.7464
41.65	-67.7575
41.675	-67.7686
41.7	-67.7798
41.725	-67.7909
41.75	-67.802
41.775	-67.813
41.8	-67.8241
41.825	-67.8351
41.85	-67.8462
41.875	-67.8572
41.9	-67.8682
41.925	-67.8791
41.95	-67.8901
41.975	-67.9011
42	-67.912
42.025	-67.9229
42.05	-67.9338
42.075	-67.9447
42.1	-67.9555
42.125	-67.9664
42.15	-67.9772
42.175	-67.9881
42.2	-67.9989
42.225	-68.0096
42.25	-68.0204
42.275	-68.0312
42.3	-68.0419
42.325	-68.0526
42.35	-68.0633
42.375	-68.074
42.4	-68.0847
42.425	-68.0954
42.45	-68.106
42.475	-68.1166
42.5	-68.1273
42.525	-68.1379
42.55	-68.1484
42.575	-68.159
42.6	-68.1696
42.625	-68.1801
42.65	-68.1906
42.675	-68.2011
42.7	-68.2116
42.725	-68.2221
42.75	-68.2325
42.775	-68.243
42.8	-68.2534
42.825	-68.2638
42.85	-68.2742
42.875	-68.2846
42.9	-68.2949
42.925	-68.3053
42.95	-68.3156
42.975	-68.3259
43	-68.3362
43.025	-68.3465
43.05	-68.3568
43.075	-68.367
43.1	-68.3773
43.125	-68.3875
43.15	-68.3977
43.175	-68.4079
43.2	-68.4181
43.225	-68.4282
43.25	-68.4384
43.275	-68.4485
43.3	-68.4586
43.325	-68.4687
43.35	-68.4788
43.375	-68.4888
43.4	-68.4989
43.425	-68.5089
43.45	-68.5189
43.475	-68.5289
43.5	-68.5389
43.525	-68.5489
43.55	-68.5589
43.575	-68.5688
43.6	-68.5787
43.625	-68.5886
43.65	-68.5985
43.675	-68.6084
43.7	-68.6183
43.725	-68.6281
43.75	-68.638
43.775	-68.6478
43.8	-68.6576
43.825	-68.6674
43.85	-68.6771
43.875	-68.6869
43.9	-68.6966
43.925	-68.7064
43.95	-68.7161
43.975	-68.7258
44	-68.7355
44.025	-68.7451
44.05	-68.7548
44.075	-68.7644
44.1	-68.774
44.125	-68.7836
44.15	-68.7932
44.175	-68.8028
44.2	-68.8123
44.225	-68.8219
44.25	-68.8314
44.275	-68.8409
44.3	-68.8504
44.325	-68.8599
44.35	-68.8694
44.375	-68.8788
44.4	-68.8883
44.425	-68.8977
44.45	-68.9071
44.475	-68.9165
44.5	-68.9259
44.525	-68.9352
44.55	-68.9446
44.575	-68.9539
44.6	-68.9632
44.625	-68.9725
44.65	-68.9818
44.675	-68.9911
44.7	-69.0003
44.725	-69.0096
44.75	-69.0188
44.775	-69.028
44.8	-69.0372
44.825	-69.0464
44.85	-69.0555
44.875	-69.0647
44.9	-69.0738
44.925	-69.0829
44.95	-69.0921
44.975	-69.1011
45	-69.1102
45.025	-69.1193
45.05	-69.1283
45.075	-69.1374
45.1	-69.1464
45.125	-69.1554
45.15	-69.1644
45.175	-69.1733
45.2	-69.1823
45.225	-69.1912
45.25	-69.2002
45.275	-69.2091
45.3	-69.218
45.325	-69.2269
45.35	-69.2357
45.375	-69.2446
45.4	-69.2534
45.425	-69.2622
45.45	-69.271
45.475	-69.2798
45.5	-69.2886
45.525	-69.2974
45.55	-69.3061
45.575	-69.3149
45.6	-69.3236
45.625	-69.3323
45.65	-69.341
45.675	-69.3497
45.7	-69.3583
45.725	-69.367
45.75	-69.3756
45.775	-69.3842
45.8	-69.3928
45.825	-69.4014
45.85	-69.41
45.875	-69.4185
45.9	-69.4271
45.925	-69.4356
45.95	-69.4441
45.975	-69.4526
46	-69.4611
46.025	-69.4696
46.05	-69.4781
46.075	-69.4865
46.1	-69.4949
46.125	-69.5033
46.15	-69.5117
46.175	-69.5201
46.2	-69.5285
46.225	-69.5369
46.25	-69.5452
46.275	-69.5535
46.3	-69.5618
46.325	-69.5701
46.35	-69.5784
46.375	-69.5867
46.4	-69.5949
46.425	-69.6032
46.45	-69.6114
46.475	-69.6196
46.5	-69.6278
46.525	-69.636
46.55	-69.6442
46.575	-69.6523
46.6	-69.6605
46.625	-69.6686
46.65	-69.6767
46.675	-69.6848
46.7	-69.6929
46.725	-69.701
46.75	-69.709
46.775	-69.7171
46.8	-69.7251
46.825	-69.7331
46.85	-69.7411
46.875	-69.7491
46.9	-69.7571
46.925	-69.765
46.95	-69.7729
46.975	-69.7809
47	-69.7888
47.025	-69.7967
47.05	-69.8046
47.075	-69.8124
47.1	-69.8203
47.125	-69.8281
47.15	-69.836
47.175	-69.8438
47.2	-69.8516
47.225	-69.8594
47.25	-69.8671
47.275	-69.8749
47.3	-69.8827
47.325	-69.8904
47.35	-69.8981
47.375	-69.9058
47.4	-69.9135
47.425	-69.9212
47.45	-69.9288
47.475	-69.9365
47.5	-69.9441
47.525	-69.9517
47.55	-69.9593
47.575	-69.9669
47.6	-69.9745
47.625	-69.9821
47.65	-69.9896
47.675	-69.9971
47.7	-70.0047
47.725	-70.0122
47.75	-70.0197
47.775	-70.0272
47.8	-70.0346
47.825	-70.0421
47.85	-70.0495
47.875	-70.0569
47.9	-70.0643
47.925	-70.0717
47.95	-70.0791
47.975	-70.0865
48	-70.0939
48.025	-70.1012
48.05	-70.1085
48.075	-70.1158
48.1	-70.1231
48.125	-70.1304
48.15	-70.1377
48.175	-70.145
48.2	-70.1522
48.225	-70.1594
48.25	-70.1667
48.275	-70.1739
48.3	-70.1811
48.325	-70.1882
48.35	-70.1954
48.375	-70.2026
48.4	-70.2097
48.425	-70.2168
48.45	-70.2239
48.475	-70.231
48.5	-70.2381
48.525	-70.2452
48.55	-70.2523
48.575	-70.2593
48.6	-70.2663
48.625	-70.2733
48.65	-70.2803
48.675	-70.2873
48.7	-70.2943
48.725	-70.3013
48.75	-70.3082
48.775	-70.3152
48.8	-70.3221
48.825	-70.329
48.85	-70.3359
48.875	-70.3428
48.9	-70.3496
48.925	-70.3565
48.95	-70.3633
48.975	-70.3702
49	-70.377
49.025	-70.3838
49.05	-70.3906
49.075	-70.3974
49.1	-70.4041
49.125	-70.4109
49.15	-70.4176
49.175	-70.4243
49.2	-70.4311
49.225	-70.4378
49.25	-70.4444
49.275	-70.4511
49.3	-70.4578
49.325	-70.4644
49.35	-70.4711
49.375	-70.4777
49.4	-70.4843
49.425	-70.4909
49.45	-70.4975
49.475	-70.504
49.5	-70.5106
49.525	-70.5171
49.55	-70.5236
49.575	-70.5302
49.6	-70.5367
49.625	-70.5432
49.65	-70.5496
49.675	-70.5561
49.7	-70.5625
49.725	-70.569
49.75	-70.5754
49.775	-70.5818
49.8	-70.5882
49.825	-70.5946
49.85	-70.601
49.875	-70.6073
49.9	-70.6137
49.925	-70.62
49.95	-70.6263
49.975	-70.6326
50	-70.6389
