label:v(.5)
2001
0	-65
0.025	-65.0676
0.05	-65.1344
0.075	-65.2002
0.1	-65.2654
0.125	-65.3303
0.15	-65.3949
0.175	-65.4593
0.2	-65.5234
0.225	-65.5872
0.25	-65.6507
0.275	-65.7137
0.3	-65.7763
0.325	-65.8384
0.35	-65.9
0.375	-65.961
0.4	-66.0214
0.425	-66.0811
0.45	-66.1402
0.475	-66.1986
0.5	-66.2563
0.525	-66.3134
0.55	-66.3697
0.575	-66.4253
0.6	-66.4802
0.625	-66.5344
0.65	-66.5879
0.675	-66.6407
0.7	-66.6928
0.725	-66.7442
0.75	-66.7949
0.775	-66.8449
0.8	-66.8943
0.825	-66.943
0.85	-66.991
0.875	-67.0384
0.9	-67.0852
0.925	-67.1313
0.95	-67.1769
0.975	-67.2218
1	-67.2662
1.025	-67.31
1.05	-67.3532
1.075	-67.3959
1.1	-67.4381
1.125	-67.4797
1.15	-67.5209
1.175	-67.5615
1.2	-67.6016
1.225	-67.6413
1.25	-67.6804
1.275	-67.7191
1.3	-67.7573
1.325	-67.7951
1.35	-67.8325
1.375	-67.8694
1.4	-67.9059
1.425	-67.9419
1.45	-67.9776
1.475	-68.0128
1.5	-68.0477
1.525	-68.0822
1.55	-68.1162
1.575	-68.1499
1.6	-68.1833
1.625	-68.2162
1.65	-68.2488
1.675	-68.2811
1.7	-68.313
1.725	-68.3446
1.75	-68.3758
1.775	-68.4067
1.8	-68.4373
1.825	-68.4675
1.85	-68.4975
1.875	-68.5271
1.9	-68.5564
1.925	-68.5855
1.95	-68.6142
1.975	-68.6426
2	-68.6707
2.025	-68.6986
2.05	-68.7262
2.075	-68.7534
2.1	-68.7804
2.125	-68.8072
2.15	-68.8336
2.175	-68.8598
2.2	-68.8857
2.225	-68.9114
2.25	-68.9368
2.275	-68.9619
2.3	-68.9869
2.325	-69.0115
2.35	-69.0359
2.375	-69.0601
2.4	-69.0841
2.425	-69.1078
2.45	-69.1313
2.475	-69.1546
2.5	-69.1776
2.525	-69.2005
2.55	-69.2231
2.575	-69.2455
2.6	-69.2676
2.625	-69.2896
2.65	-69.3114
2.675	-69.333
2.7	-69.3543
2.725	-69.3755
2.75	-69.3965
2.775	-69.4172
2.8	-69.4378
2.825	-69.4582
2.85	-69.4784
2.875	-69.4984
2.9	-69.5183
2.925	-69.5379
2.95	-69.5574
2.975	-69.5767
3	-69.5958
3.025	-69.6148
3.05	-69.6335
3.075	-69.6521
3.1	-69.6706
3.125	-69.6888
3.15	-69.707
3.175	-69.7249
3.2	-69.7427
3.225	-69.7603
3.25	-69.7778
3.275	-69.7951
3.3	-69.8123
3.325	-69.8293
3.35	-69.8461
3.375	-69.8628
3.4	-69.8794
3.425	-69.8958
3.45	-69.9121
3.475	-69.9282
3.5	-69.9442
3.525	-69.96
3.55	-69.9757
3.575	-69.9913
3.6	-70.0067
3.625	-70.022
3.65	-70.0372
3.675	-70.0522
3.7	-70.0671
3.725	-70.0819
3.75	-70.0965
3.775	-70.1111
3.8	-70.1255
3.825	-70.1397
3.85	-70.1539
3.875	-70.1679
3.9	-70.1818
3.925	-70.1956
3.95	-70.2092
3.975	-70.2228
4	-70.2362
4.025	-70.2495
4.05	-70.2627
4.075	-70.2758
4.1	-70.2888
4.125	-70.3017
4.15	-70.3144
4.175	-70.3271
4.2	-70.3396
4.225	-70.3521
4.25	-70.3644
4.275	-70.3766
4.3	-70.3888
4.325	-70.4008
4.35	-70.4127
4.375	-70.4245
4.4	-70.4363
4.425	-70.4479
4.45	-70.4594
4.475	-70.4709
4.5	-70.4822
4.525	-70.4934
4.55	-70.5046
4.575	-70.5156
4.6	-70.5266
4.625	-70.5375
4.65	-70.5483
4.675	-70.559
4.7	-70.5696
4.725	-70.5801
4.75	-70.5905
4.775	-70.6008
4.8	-70.6111
4.825	-70.6213
4.85	-70.6314
4.875	-70.6414
4.9	-70.6513
4.925	-70.6611
4.95	-70.6709
4.975	-70.6806
5	-70.6902
5.025	-69.3904
5.05	-68.4138
5.075	-67.5884
5.1	-66.8587
5.125	-66.1983
5.15	-65.5913
5.175	-65.0273
5.2	-64.4989
5.225	-64.0005
5.25	-63.5279
5.275	-63.0777
5.3	-62.6472
5.325	-62.2343
5.35	-61.8369
5.375	-61.4533
5.4	-61.0823
5.425	-60.7229
5.45	-60.3741
5.475	-60.0347
5.5	-59.7039
5.525	-59.3811
5.55	-59.0658
5.575	-58.7574
5.6	-58.4555
5.625	-58.1595
5.65	-57.8688
5.675	-57.583
5.7	-57.3019
5.725	-57.0253
5.75	-56.7529
5.775	-56.4846
5.8	-56.2198
5.825	-55.9581
5.85	-55.6993
5.875	-55.4432
5.9	-55.1898
5.925	-54.9391
5.95	-54.6908
5.975	-54.4449
6	-54.2008
6.025	-53.9582
6.05	-53.717
6.075	-53.4771
6.1	-53.2385
6.125	-53.0012
6.15	-52.7651
6.175	-52.5303
6.2	-52.296
6.225	-52.0618
6.25	-51.8277
6.275	-51.5936
6.3	-51.3593
6.325	-51.1248
6.35	-50.89
6.375	-50.6549
6.4	-50.4189
6.425	-50.1811
6.45	-49.9411
6.475	-49.6984
6.5	-49.4526
6.525	-49.2032
6.55	-48.9495
6.575	-48.6902
6.6	-48.4235
6.625	-48.1456
6.65	-47.8523
6.675	-47.5367
6.7	-47.1873
6.725	-46.7839
6.75	-46.2954
6.775	-45.7015
6.8	-45.057
6.825	-44.4312
6.85	-43.8298
6.875	-43.2453
6.9	-42.6716
6.925	-42.1034
6.95	-41.5337
6.975	-40.9579
7	-40.3726
7.025	-39.7714
7.05	-39.149
7.075	-38.5029
7.1	-37.8281
7.125	-37.1174
7.15	-36.366
7.175	-35.5658
7.2	-34.7079
7.225	-33.7846
7.25	-32.7827
7.275	-31.6921
7.3	-30.4972
7.325	-29.1849
7.35	-27.7046
7.375	-25.9676
7.4	-23.8507
7.425	-21.1522
7.45	-17.4902
7.475	-12.6473
7.5	-6.9156
7.525	-0.901385
7.55	4.54963
7.575	8.2908
7.6	9.53804
7.625	8.35159
7.65	5.39767
7.675	1.41581
7.7	-3.04134
7.725	-7.6668
7.75	-12.2591
7.775	-16.6387
7.8	-20.7372
7.825	-24.479
7.85	-27.6974
7.875	-30.4227
7.9	-32.7478
7.925	-34.8431
7.95	-36.7871
7.975	-38.6141
8	-40.3335
8.025	-41.9362
8.05	-43.3977
8.075	-44.7096
8.1	-45.8728
8.125	-46.8928
8.15	-47.7808
8.175	-48.5483
8.2	-49.2088
8.225	-49.7745
8.25	-50.2569
8.275	-50.6664
8.3	-51.0125
8.325	-51.3028
8.35	-51.5445
8.375	-51.7437
8.4	-51.9057
8.425	-52.0352
8.45	-52.136
8.475	-52.2117
8.5	-52.2652
8.525	-52.2991
8.55	-52.3157
8.575	-52.3169
8.6	-52.3044
8.625	-52.2799
8.65	-52.2445
8.675	-52.1995
8.7	-52.146
8.725	-52.0849
8.75	-52.017
8.775	-51.9431
8.8	-51.8638
8.825	-51.7797
8.85	-51.6913
8.875	-51.5991
8.9	-51.5035
8.925	-51.405
8.95	-51.3038
8.975	-51.2003
9	-51.0947
9.025	-50.9873
9.05	-50.8784
9.075	-50.7681
9.1	-50.6567
9.125	-50.544
9.15	-50.4301
9.175	-50.315
9.2	-50.1988
9.225	-50.0818
9.25	-49.9638
9.275	-49.8452
9.3	-49.726
9.325	-49.6063
9.35	-49.4861
9.375	-49.3657
9.4	-49.245
9.425	-49.1242
9.45	-49.0033
9.475	-48.8823
9.5	-48.7614
9.525	-48.6406
9.55	-48.5195
9.575	-48.3979
9.6	-48.2759
9.625	-48.1534
9.65	-48.0305
9.675	-47.9073
9.7	-47.7837
9.725	-47.6599
9.75	-47.5359
9.775	-47.4116
9.8	-47.2873
9.825	-47.1628
9.85	-47.0383
9.875	-46.9139
9.9	-46.7895
9.925	-46.6652
9.95	-46.5405
9.975	-46.4153
10	-46.2893
10.025	-46.1627
10.05	-46.0353
10.075	-45.9072
10.1	-45.7784
10.125	-45.649
10.15	-45.519
10.175	-45.3885
10.2	-45.2573
10.225	-45.1257
10.25	-44.9937
10.275	-44.8612
10.3	-44.7283
10.325	-44.5949
10.35	-44.4603
10.375	-44.3243
10.4	-44.1868
10.425	-44.0478
10.45	-43.9072
10.475	-43.765
10.5	-43.6212
10.525	-43.4758
10.55	-43.3289
10.575	-43.1803
10.6	-43.0302
10.625	-42.8785
10.65	-42.7253
10.675	-42.5701
10.7	-42.4122
10.725	-42.2513
10.75	-42.087
10.775	-41.9192
10.8	-41.7477
10.825	-41.5724
10.85	-41.3931
10.875	-41.2098
10.9	-41.0221
10.925	-40.83
10.95	-40.6332
10.975	-40.4304
11	-40.2205
11.025	-40.0025
11.05	-39.7757
11.075	-39.5394
11.1	-39.2926
11.125	-39.0343
11.15	-38.763
11.175	-38.4764
11.2	-38.1698
11.225	-37.8382
11.25	-37.4753
11.275	-37.0742
11.3	-36.6316
11.325	-36.153
11.35	-35.651
11.375	-35.1348
11.4	-34.6078
11.425	-34.0677
11.45	-33.5099
11.475	-32.9306
11.5	-32.3269
11.525	-31.6933
11.55	-31.0255
11.575	-30.3204
11.6	-29.5729
11.625	-28.7703
11.65	-27.8939
11.675	-26.9222
11.7	-25.8315
11.725	-24.5892
11.75	-23.1532
11.775	-21.4635
11.8	-19.4316
11.825	-16.9732
11.85	-14.1799
11.875	-11.1926
11.9	-8.2672
11.925	-5.65239
11.95	-3.55145
11.975	-2.15258
12	-1.55636
12.025	-1.75617
12.05	-2.66323
12.075	-4.14036
12.1	-6.03778
12.125	-8.209
12.15	-10.524
12.175	-12.8694
12.2	-15.1624
12.225	-17.3619
12.25	-19.4459
12.275	-21.4033
12.3	-23.1919
12.325	-24.8004
12.35	-26.24
12.375	-27.5263
12.4	-28.6771
12.425	-29.71
12.45	-30.6399
12.475	-31.493
12.5	-32.2879
12.525	-33.0366
12.55	-33.7466
12.575	-34.4213
12.6	-35.0643
12.625	-35.6774
12.65	-36.261
12.675	-36.8164
12.7	-37.3454
12.725	-37.8471
12.75	-38.3222
12.775	-38.7719
12.8	-39.1976
12.825	-39.599
12.85	-39.9767
12.875	-40.3316
12.9	-40.6644
12.925	-40.976
12.95	-41.2669
12.975	-41.5376
13	-41.7891
13.025	-42.0226
13.05	-42.2391
13.075	-42.4399
13.1	-42.626
13.125	-42.7985
13.15	-42.9583
13.175	-43.1056
13.2	-43.2411
13.225	-43.3654
13.25	-43.4792
13.275	-43.5832
13.3	-43.6781
13.325	-43.7645
13.35	-43.8428
13.375	-43.9138
13.4	-43.9777
13.425	-44.0351
13.45	-44.0864
13.475	-44.1319
13.5	-44.172
13.525	-44.207
13.55	-44.2373
13.575	-44.263
13.6	-44.2845
13.625	-44.302
13.65	-44.3157
13.675	-44.3258
13.7	-44.3325
13.725	-44.3359
13.75	-44.3364
13.775	-44.3338
13.8	-44.3286
13.825	-44.3207
13.85	-44.3102
13.875	-44.2974
13.9	-44.2823
13.925	-44.265
13.95	-44.2455
13.975	-44.2241
14	-44.2008
14.025	-44.1756
14.05	-44.1486
14.075	-44.1199
14.1	-44.0896
14.125	-44.0577
14.15	-44.0242
14.175	-43.9893
14.2	-43.953
14.225	-43.9153
14.25	-43.8762
14.275	-43.8359
14.3	-43.7944
14.325	-43.7516
14.35	-43.7077
14.375	-43.6626
14.4	-43.6165
14.425	-43.5693
14.45	-43.5211
14.475	-43.4719
14.5	-43.4217
14.525	-43.3706
14.55	-43.3186
14.575	-43.2657
14.6	-43.212
14.625	-43.1575
14.65	-43.1021
14.675	-43.0461
14.7	-42.9892
14.725	-42.9317
14.75	-42.8735
14.775	-42.8146
14.8	-42.7552
14.825	-42.6949
14.85	-42.6337
14.875	-42.5713
14.9	-42.5078
14.925	-42.4431
14.95	-42.3773
14.975	-42.3102
15	-42.2419
15.025	-42.1724
15.05	-42.1017
15.075	-42.0298
15.1	-41.9566
15.125	-41.8822
15.15	-41.8065
15.175	-41.7296
15.2	-41.6515
15.225	-41.5721
15.25	-41.4915
15.275	-41.4097
15.3	-41.3266
15.325	-41.2422
15.35	-41.1567
15.375	-41.0699
15.4	-40.9819
15.425	-40.8926
15.45	-40.8023
15.475	-40.7107
15.5	-40.6174
15.525	-40.5222
15.55	-40.4247
15.575	-40.325
15.6	-40.2229
15.625	-40.1183
15.65	-40.0111
15.675	-39.9014
15.7	-39.789
15.725	-39.674
15.75	-39.5563
15.775	-39.4359
15.8	-39.3126
15.825	-39.1866
15.85	-39.0578
15.875	-38.926
15.9	-38.7914
15.925	-38.6539
15.95	-38.5124
15.975	-38.3666
16	-38.2161
16.025	-38.0606
16.05	-37.8998
16.075	-37.7337
16.1	-37.562
16.125	-37.3846
16.15	-37.2011
16.175	-37.0116
16.2	-36.8158
16.225	-36.6136
16.25	-36.4036
16.275	-36.1847
16.3	-35.9564
16.325	-35.7179
16.35	-35.4689
16.375	-35.2087
16.4	-34.9369
16.425	-34.653
16.45	-34.3557
16.475	-34.0429
16.5	-33.7132
16.525	-33.3657
16.55	-32.999
16.575	-32.6123
16.6	-32.2034
16.625	-31.7693
16.65	-31.308
16.675	-30.8176
16.7	-30.2962
16.725	-29.7395
16.75	-29.1408
16.775	-28.49
16.8	-27.7756
16.825	-26.984
16.85	-26.1006
16.875	-25.1065
16.9	-23.9815
16.925	-22.6999
16.95	-21.227
16.975	-19.5116
17	-17.5139
17.025	-15.3016
17.05	-12.9547
17.075	-10.6044
17.1	-8.44631
17.125	-6.60801
17.15	-5.18941
17.175	-4.26708
17.2	-3.87075
17.225	-3.97783
17.25	-4.52884
17.275	-5.44299
17.3	-6.63339
17.325	-8.01512
17.35	-9.51204
17.375	-11.0582
17.4	-12.5973
17.425	-14.0951
17.45	-15.5327
17.475	-16.9001
17.5	-18.1932
17.525	-19.4112
17.55	-20.5557
17.575	-21.6211
17.6	-22.6019
17.625	-23.503
17.65	-24.3306
17.675	-25.0921
17.7	-25.7947
17.725	-26.4441
17.75	-27.0463
17.775	-27.6066
17.8	-28.1288
17.825	-28.6168
17.85	-29.0748
17.875	-29.5056
17.9	-29.9113
17.925	-30.2945
17.95	-30.6597
17.975	-31.0102
18	-31.3481
18.025	-31.6741
18.05	-31.9892
18.075	-32.2945
18.1	-32.5909
18.125	-32.8793
18.15	-33.1604
18.175	-33.4338
18.2	-33.6996
18.225	-33.9582
18.25	-34.2101
18.275	-34.4558
18.3	-34.6958
18.325	-34.9307
18.35	-35.1605
18.375	-35.3849
18.4	-35.6039
18.425	-35.8177
18.45	-36.0265
18.475	-36.2309
18.5	-36.431
18.525	-36.6273
18.55	-36.8201
18.575	-37.0098
18.6	-37.1957
18.625	-37.3778
18.65	-37.556
18.675	-37.7306
18.7	-37.9017
18.725	-38.0695
18.75	-38.2344
18.775	-38.3964
18.8	-38.5558
18.825	-38.713
18.85	-38.868
18.875	-39.0208
18.9	-39.1709
18.925	-39.3183
18.95	-39.4629
18.975	-39.6048
19	-39.7442
19.025	-39.8811
19.05	-40.0157
19.075	-40.1481
19.1	-40.2785
19.125	-40.4068
19.15	-40.5332
19.175	-40.6579
19.2	-40.781
19.225	-40.9025
19.25	-41.022
19.275	-41.1393
19.3	-41.2544
19.325	-41.3673
19.35	-41.478
19.375	-41.5866
19.4	-41.6932
19.425	-41.7978
19.45	-41.9006
19.475	-42.0016
19.5	-42.101
19.525	-42.1987
19.55	-42.2949
19.575	-42.3896
19.6	-42.483
19.625	-42.575
19.65	-42.6657
19.675	-42.7552
19.7	-42.8436
19.725	-42.9306
19.75	-43.016
19.775	-43.0997
19.8	-43.1817
19.825	-43.2621
19.85	-43.3408
19.875	-43.418
19.9	-43.4936
19.925	-43.5678
19.95	-43.6405
19.975	-43.7118
20	-43.7818
20.025	-43.8505
20.05	-43.9179
20.075	-43.9841
20.1	-44.0491
20.125	-44.113
20.15	-44.1757
20.175	-44.2374
20.2	-44.298
20.225	-44.3576
20.25	-44.4162
20.275	-44.4738
20.3	-44.5305
20.325	-44.5862
20.35	-44.6411
20.375	-44.6951
20.4	-44.7483
20.425	-44.8006
20.45	-44.852
20.475	-44.9024
20.5	-44.9516
20.525	-44.9997
20.55	-45.0466
20.575	-45.0925
20.6	-45.1373
20.625	-45.181
20.65	-45.2237
20.675	-45.2654
20.7	-45.306
20.725	-45.3458
20.75	-45.3846
20.775	-45.4224
20.8	-45.4594
20.825	-45.4955
20.85	-45.5307
20.875	-45.5651
20.9	-45.5986
20.925	-45.6314
20.95	-45.6633
20.975	-45.6945
21	-45.7249
21.025	-45.7545
21.05	-45.7834
21.075	-45.8116
21.1	-45.8391
21.125	-45.8658
21.15	-45.8919
21.175	-45.9173
21.2	-45.9421
21.225	-45.9662
21.25	-45.9896
21.275	-46.0124
21.3	-46.0346
21.325	-46.0562
21.35	-46.0772
21.375	-46.0976
21.4	-46.1174
21.425	-46.1367
21.45	-46.1553
21.475	-46.1735
21.5	-46.191
21.525	-46.2081
21.55	-46.2245
21.575	-46.2405
21.6	-46.256
21.625	-46.2709
21.65	-46.2853
21.675	-46.2993
21.7	-46.3127
21.725	-46.3257
21.75	-46.3381
21.775	-46.3502
21.8	-46.3617
21.825	-46.3728
21.85	-46.3834
21.875	-46.3936
21.9	-46.4033
21.925	-46.4126
21.95	-46.4214
21.975	-46.4298
22	-46.4378
22.025	-46.4454
22.05	-46.4525
22.075	-46.4593
22.1	-46.4656
22.125	-46.4715
22.15	-46.477
22.175	-46.4822
22.2	-46.4869
22.225	-46.4912
22.25	-46.4952
22.275	-46.4988
22.3	-46.502
22.325	-46.5048
22.35	-46.5073
22.375	-46.5094
22.4	-46.5112
22.425	-46.5125
22.45	-46.5136
22.475	-46.5142
22.5	-46.5146
22.525	-46.5145
22.55	-46.5142
22.575	-46.5135
22.6	-46.5124
22.625	-46.5111
22.65	-46.5093
22.675	-46.5073
22.7	-46.505
22.725	-46.5023
22.75	-46.4993
22.775	-46.4959
22.8	-46.4923
22.825	-46.4884
22.85	-46.4841
22.875	-46.4796
22.9	-46.4747
22.925	-46.4695
22.95	-46.4641
22.975	-46.4583
23	-46.4523
23.025	-46.4459
23.05	-46.4393
23.075	-46.4324
23.1	-46.4252
23.125	-46.4177
23.15	-46.41
23.175	-46.402
23.2	-46.3937
23.225	-46.3851
23.25	-46.3762
23.275	-46.3671
23.3	-46.3578
23.325	-46.3481
23.35	-46.3382
23.375	-46.3281
23.4	-46.3177
23.425	-46.307
23.45	-46.2961
23.475	-46.2849
23.5	-46.2735
23.525	-46.2619
23.55	-46.25
23.575	-46.2379
23.6	-46.2255
23.625	-46.2129
23.65	-46.2001
23.675	-46.187
23.7	-46.1737
23.725	-46.1602
23.75	-46.1465
23.775	-46.1325
23.8	-46.1183
23.825	-46.1039
23.85	-46.0893
23.875	-46.0745
23.9	-46.0595
23.925	-46.0442
23.95	-46.0288
23.975	-46.0131
24	-45.9973
24.025	-45.9812
24.05	-45.965
24.075	-45.9485
24.1	-45.9319
24.125	-45.915
24.15	-45.898
24.175	-45.8808
24.2	-45.8634
24.225	-45.8458
24.25	-45.8281
24.275	-45.8101
24.3	-45.792
24.325	-45.7737
24.35	-45.7553
24.375	-45.7367
24.4	-45.7179
24.425	-45.6989
24.45	-45.6798
24.475	-45.6606
24.5	-45.6412
24.525	-45.6216
24.55	-45.6019
24.575	-45.582
24.6	-45.562
24.625	-45.5418
24.65	-45.5215
24.675	-45.5011
24.7	-45.4805
24.725	-45.4598
24.75	-45.439
24.775	-45.418
24.8	-45.3969
24.825	-45.3757
24.85	-45.3544
24.875	-45.3329
24.9	-45.3114
24.925	-45.2897
24.95	-45.2679
24.975	-45.246
25	-45.224
25.025	-45.2019
25.05	-45.1797
25.075	-45.1575
25.1	-45.1351
25.125	-45.1126
25.15	-45.0901
25.175	-45.0674
25.2	-45.0447
25.225	-45.0219
25.25	-44.999
25.275	-44.9761
25.3	-44.9531
25.325	-44.93
25.35	-44.9069
25.375	-44.8837
25.4	-44.8604
25.425	-44.8371
25.45	-44.8137
25.475	-44.7903
25.5	-44.7668
25.525	-44.7433
25.55	-44.7196
25.575	-44.6956
25.6	-44.6714
25.625	-44.647
25.65	-44.6223
25.675	-44.5974
25.7	-44.5722
25.725	-44.5468
25.75	-44.5211
25.775	-44.4951
25.8	-44.4689
25.825	-44.4425
25.85	-44.4157
25.875	-44.3888
25.9	-44.3615
25.925	-44.334
25.95	-44.3063
25.975	-44.2782
26	-44.25
26.025	-44.2214
26.05	-44.1926
26.075	-44.1636
26.1	-44.1343
26.125	-44.1047
26.15	-44.0748
26.175	-44.0448
26.2	-44.0144
26.225	-43.9838
26.25	-43.9529
26.275	-43.9218
26.3	-43.8904
26.325	-43.8588
26.35	-43.8269
26.375	-43.7948
26.4	-43.7624
26.425	-43.7297
26.45	-43.6968
26.475	-43.6637
26.5	-43.6303
26.525	-43.5967
26.55	-43.5629
26.575	-43.5288
26.6	-43.4945
26.625	-43.4599
26.65	-43.4251
26.675	-43.3901
26.7	-43.3549
26.725	-43.3195
26.75	-43.2839
26.775	-43.248
26.8	-43.212
26.825	-43.1757
26.85	-43.1393
26.875	-43.1026
26.9	-43.0658
26.925	-43.0288
26.95	-42.9917
26.975	-42.9543
27	-42.9168
27.025	-42.8792
27.05	-42.8414
27.075	-42.8035
27.1	-42.7654
27.125	-42.7271
27.15	-42.6884
27.175	-42.6492
27.2	-42.6095
27.225	-42.5693
27.25	-42.5286
27.275	-42.4873
27.3	-42.4454
27.325	-42.403
27.35	-42.36
27.375	-42.3163
27.4	-42.2721
27.425	-42.2273
27.45	-42.1819
27.475	-42.1358
27.5	-42.0891
27.525	-42.0418
27.55	-41.9939
27.575	-41.9452
27.6	-41.896
27.625	-41.846
27.65	-41.7954
27.675	-41.7441
27.7	-41.6922
27.725	-41.6395
27.75	-41.5862
27.775	-41.5321
27.8	-41.4774
27.825	-41.422
27.85	-41.3658
27.875	-41.309
27.9	-41.2515
27.925	-41.1933
27.95	-41.1343
27.975	-41.0747
28	-41.0144
28.025	-40.9534
28.05	-40.8917
28.075	-40.8293
28.1	-40.7663
28.125	-40.7024
28.15	-40.6374
28.175	-40.5711
28.2	-40.5033
28.225	-40.4341
28.25	-40.3634
28.275	-40.2911
28.3	-40.2171
28.325	-40.1415
28.35	-40.0641
28.375	-39.985
28.4	-39.904
28.425	-39.8213
28.45	-39.7367
28.475	-39.6502
28.5	-39.5617
28.525	-39.4714
28.55	-39.379
28.575	-39.2846
28.6	-39.1881
28.625	-39.0896
28.65	-38.989
28.675	-38.8863
28.7	-38.7814
28.725	-38.6742
28.75	-38.5641
28.775	-38.4507
28.8	-38.3337
28.825	-38.2129
28.85	-38.0882
28.875	-37.9593
28.9	-37.8262
28.925	-37.6887
28.95	-37.5466
28.975	-37.3997
29	-37.2481
29.025	-37.0914
29.05	-36.9296
29.075	-36.7626
29.1	-36.5899
29.125	-36.4104
29.15	-36.2234
29.175	-36.0283
29.2	-35.8247
29.225	-35.6121
29.25	-35.39
29.275	-35.1581
29.3	-34.916
29.325	-34.6632
29.35	-34.3985
29.375	-34.1202
29.4	-33.8272
29.425	-33.5183
29.45	-33.1926
29.475	-32.8494
29.5	-32.4878
29.525	-32.105
29.55	-31.6989
29.575	-31.2677
29.6	-30.81
29.625	-30.3242
29.65	-29.8068
29.675	-29.2529
29.7	-28.654
29.725	-28.0017
29.75	-27.2854
29.775	-26.4939
29.8	-25.613
29.825	-24.6245
29.85	-23.5061
29.875	-22.2278
29.9	-20.75
29.925	-19.0177
29.95	-17.0234
29.975	-14.8256
30	-12.5044
30.025	-10.1932
30.05	-8.07841
30.075	-6.25314
30.1	-4.81296
30.125	-3.82672
30.15	-3.32455
30.175	-3.28818
30.2	-3.66616
30.225	-4.38776
30.25	-5.37395
30.275	-6.54855
30.3	-7.84323
30.325	-9.19943
30.35	-10.5687
30.375	-11.9131
30.4	-13.2084
30.425	-14.4424
30.45	-15.6104
30.475	-16.7113
30.5	-17.7464
30.525	-18.7183
30.55	-19.6308
30.575	-20.4875
30.6	-21.2868
30.625	-22.0281
30.65	-22.7151
30.675	-23.3531
30.7	-23.9463
30.725	-24.4993
30.75	-25.0166
30.775	-25.5021
30.8	-25.9582
30.825	-26.388
30.85	-26.7944
30.875	-27.1801
30.9	-27.5464
30.925	-27.8948
30.95	-28.2269
30.975	-28.5444
31	-28.8489
31.025	-29.1418
31.05	-29.4234
31.075	-29.6944
31.1	-29.9558
31.125	-30.2083
31.15	-30.4538
31.175	-30.6935
31.2	-30.9286
31.225	-31.1596
31.25	-31.3863
31.275	-31.6091
31.3	-31.8281
31.325	-32.0439
31.35	-32.2566
31.375	-32.4669
31.4	-32.675
31.425	-32.8815
31.45	-33.0865
31.475	-33.2896
31.5	-33.4907
31.525	-33.69
31.55	-33.8876
31.575	-34.0837
31.6	-34.2787
31.625	-34.4729
31.65	-34.6665
31.675	-34.8598
31.7	-35.0531
31.725	-35.2457
31.75	-35.4374
31.775	-35.6284
31.8	-35.8185
31.825	-36.0082
31.85	-36.1974
31.875	-36.3864
31.9	-36.5754
31.925	-36.7647
31.95	-36.9544
31.975	-37.1441
32	-37.3334
32.025	-37.522
32.05	-37.71
32.075	-37.8975
32.1	-38.0845
32.125	-38.2711
32.15	-38.4576
32.175	-38.644
32.2	-38.8304
32.225	-39.0169
32.25	-39.2027
32.275	-39.3875
32.3	-39.5711
32.325	-39.7535
32.35	-39.9348
32.375	-40.115
32.4	-40.2941
32.425	-40.4721
32.45	-40.6491
32.475	-40.8251
32.5	-41.0001
32.525	-41.1733
32.55	-41.3444
32.575	-41.5133
32.6	-41.6801
32.625	-41.8447
32.65	-42.0072
32.675	-42.1677
32.7	-42.3262
32.725	-42.4829
32.75	-42.6377
32.775	-42.7908
32.8	-42.9423
32.825	-43.0914
32.85	-43.2379
32.875	-43.3819
32.9	-43.5232
32.925	-43.6619
32.95	-43.7981
32.975	-43.9319
33	-44.0633
33.025	-44.1924
33.05	-44.3194
33.075	-44.4442
33.1	-44.5669
33.125	-44.6876
33.15	-44.8064
33.175	-44.9231
33.2	-45.0375
33.225	-45.1493
33.25	-45.2586
33.275	-45.3654
33.3	-45.4698
33.325	-45.5719
33.35	-45.6716
33.375	-45.7691
33.4	-45.8645
33.425	-45.9578
33.45	-46.049
33.475	-46.1383
33.5	-46.2257
33.525	-46.3112
33.55	-46.3949
33.575	-46.4768
33.6	-46.557
33.625	-46.6356
33.65	-46.7125
33.675	-46.7878
33.7	-46.8615
33.725	-46.9333
33.75	-47.0033
33.775	-47.0714
33.8	-47.1376
33.825	-47.202
33.85	-47.2647
33.875	-47.3257
33.9	-47.385
33.925	-47.4428
33.95	-47.4989
33.975	-47.5536
34	-47.6067
34.025	-47.6584
34.05	-47.7088
34.075	-47.7577
34.1	-47.8053
34.125	-47.8516
34.15	-47.8966
34.175	-47.9404
34.2	-47.9829
34.225	-48.0243
34.25	-48.0645
34.275	-48.1036
34.3	-48.1415
34.325	-48.1784
34.35	-48.2142
34.375	-48.249
34.4	-48.2827
34.425	-48.3155
34.45	-48.3472
34.475	-48.378
34.5	-48.4079
34.525	-48.4369
34.55	-48.4649
34.575	-48.4921
34.6	-48.5183
34.625	-48.5438
34.65	-48.5684
34.675	-48.5921
34.7	-48.6151
34.725	-48.6373
34.75	-48.6587
34.775	-48.6793
34.8	-48.6992
34.825	-48.7184
34.85	-48.7368
34.875	-48.7545
34.9	-48.7715
34.925	-48.7878
34.95	-48.8033
34.975	-48.8181
35	-48.8321
35.025	-48.8455
35.05	-48.8581
35.075	-48.87
35.1	-48.8812
35.125	-48.8918
35.15	-48.9018
35.175	-48.9111
35.2	-48.9198
35.225	-48.9279
35.25	-48.9354
35.275	-48.9423
35.3	-48.9487
35.325	-48.9545
35.35	-48.9598
35.375	-48.9646
35.4	-48.9688
35.425	-48.9725
35.45	-48.9758
35.475	-48.9785
35.5	-48.9808
35.525	-48.9825
35.55	-48.9839
35.575	-48.9848
35.6	-48.9852
35.625	-48.9852
35.65	-48.9848
35.675	-48.984
35.7	-48.9827
35.725	-48.9811
35.75	-48.9791
35.775	-48.9767
35.8	-48.9739
35.825	-48.9707
35.85	-48.9672
35.875	-48.9633
35.9	-48.9591
35.925	-48.9546
35.95	-48.9497
35.975	-48.9445
36	-48.939
36.025	-48.9331
36.05	-48.927
36.075	-48.9205
36.1	-48.9138
36.125	-48.9067
36.15	-48.8994
36.175	-48.8918
36.2	-48.884
36.225	-48.8758
36.25	-48.8675
36.275	-48.8588
36.3	-48.8499
36.325	-48.8408
36.35	-48.8314
36.375	-48.8218
36.4	-48.812
36.425	-48.8019
36.45	-48.7916
36.475	-48.7811
36.5	-48.7704
36.525	-48.7595
36.55	-48.7484
36.575	-48.7371
36.6	-48.7255
36.625	-48.7137
36.65	-48.7016
36.675	-48.6893
36.7	-48.6767
36.725	-48.6639
36.75	-48.6509
36.775	-48.6376
36.8	-48.6241
36.825	-48.6104
36.85	-48.5964
36.875	-48.5822
36.9	-48.5679
36.925	-48.5533
36.95	-48.5385
36.975	-48.5235
37	-48.5083
37.025	-48.4929
37.05	-48.4774
37.075	-48.4616
37.1	-48.4456
37.125	-48.4295
37.15	-48.4132
37.175	-48.3967
37.2	-48.38
37.225	-48.3632
37.25	-48.3461
37.275	-48.329
37.3	-48.3116
37.325	-48.2941
37.35	-48.2764
37.375	-48.2586
37.4	-48.2406
37.425	-48.2225
37.45	-48.2043
37.475	-48.1858
37.5	-48.1673
37.525	-48.1486
37.55	-48.1297
37.575	-48.1108
37.6	-48.0917
37.625	-48.0724
37.65	-48.0531
37.675	-48.0336
37.7	-48.014
37.725	-47.9943
37.75	-47.9744
37.775	-47.9545
37.8	-47.9344
37.825	-47.9143
37.85	-47.894
37.875	-47.8736
37.9	-47.8531
37.925	-47.8325
37.95	-47.8119
37.975	-47.7911
38	-47.7702
38.025	-47.7493
38.05	-47.7282
38.075	-47.7071
38.1	-47.6859
38.125	-47.6647
38.15	-47.6433
38.175	-47.6219
38.2	-47.6004
38.225	-47.5788
38.25	-47.5572
38.275	-47.5355
38.3	-47.5137
38.325	-47.4919
38.35	-47.47
38.375	-47.4481
38.4	-47.4261
38.425	-47.4041
38.45	-47.382
38.475	-47.3599
38.5	-47.3377
38.525	-47.3155
38.55	-47.2933
38.575	-47.271
38.6	-47.2487
38.625	-47.2263
38.65	-47.204
38.675	-47.1816
38.7	-47.1591
38.725	-47.1367
38.75	-47.1142
38.775	-47.0917
38.8	-47.0692
38.825	-47.0467
38.85	-47.0242
38.875	-47.0016
38.9	-46.9791
38.925	-46.9565
38.95	-46.934
38.975	-46.9114
39	-46.8889
39.025	-46.8663
39.05	-46.8438
39.075	-46.8212
39.1	-46.7987
39.125	-46.7762
39.15	-46.7537
39.175	-46.7311
39.2	-46.7085
39.225	-46.6857
39.25	-46.6628
39.275	-46.6397
39.3	-46.6165
39.325	-46.5931
39.35	-46.5696
39.375	-46.546
39.4	-46.5222
39.425	-46.4983
39.45	-46.4742
39.475	-46.4501
39.5	-46.4258
39.525	-46.4013
39.55	-46.3768
39.575	-46.3521
39.6	-46.3272
39.625	-46.3023
39.65	-46.2772
39.675	-46.2521
39.7	-46.2268
39.725	-46.2013
39.75	-46.1758
39.775	-46.1502
39.8	-46.1244
39.825	-46.0985
39.85	-46.0726
39.875	-46.0465
39.9	-46.0203
39.925	-45.994
39.95	-45.9676
39.975	-45.9411
40	-45.9145
40.025	-47.1724
40.05	-48.1422
40.075	-49.001
40.1	-49.7971
40.125	-50.5461
40.15	-51.2549
40.175	-51.9264
40.2	-52.5631
40.225	-53.1679
40.25	-53.7424
40.275	-54.2884
40.3	-54.8082
40.325	-55.3036
40.35	-55.7759
40.375	-56.2265
40.4	-56.6571
40.425	-57.069
40.45	-57.4633
40.475	-57.8409
40.5	-58.2029
40.525	-58.5504
40.55	-58.8842
40.575	-59.2052
40.6	-59.5138
40.625	-59.8108
40.65	-60.0968
40.675	-60.3725
40.7	-60.6385
40.725	-60.8952
40.75	-61.1431
40.775	-61.3825
40.8	-61.6139
40.825	-61.8376
40.85	-62.054
40.875	-62.2635
40.9	-62.4664
40.925	-62.6631
40.95	-62.8537
40.975	-63.0385
41	-63.2177
41.025	-63.3915
41.05	-63.5602
41.075	-63.7239
41.1	-63.883
41.125	-64.0375
41.15	-64.1877
41.175	-64.3337
41.2	-64.4757
41.225	-64.6138
41.25	-64.7482
41.275	-64.8791
41.3	-65.0064
41.325	-65.1303
41.35	-65.251
41.375	-65.3685
41.4	-65.483
41.425	-65.5945
41.45	-65.7033
41.475	-65.8093
41.5	-65.9127
41.525	-66.0135
41.55	-66.1119
41.575	-66.2078
41.6	-66.3015
41.625	-66.393
41.65	-66.4822
41.675	-66.5694
41.7	-66.6546
41.725	-66.7378
41.75	-66.819
41.775	-66.8984
41.8	-66.9759
41.825	-67.0516
41.85	-67.1257
41.875	-67.198
41.9	-67.2688
41.925	-67.338
41.95	-67.4056
41.975	-67.4718
42	-67.5366
42.025	-67.5999
42.05	-67.6619
42.075	-67.7226
42.1	-67.782
42.125	-67.8401
42.15	-67.897
42.175	-67.9528
42.2	-68.0074
42.225	-68.0609
42.25	-68.1133
42.275	-68.1646
42.3	-68.2149
42.325	-68.2642
42.35	-68.3125
42.375	-68.3599
42.4	-68.4063
42.425	-68.4518
42.45	-68.4965
42.475	-68.5402
42.5	-68.5832
42.525	-68.6253
42.55	-68.6666
42.575	-68.7072
42.6	-68.7469
42.625	-68.7859
42.65	-68.8242
42.675	-68.8618
42.7	-68.8987
42.725	-68.9349
42.75	-68.9704
42.775	-69.0053
42.8	-69.0396
42.825	-69.0733
42.85	-69.1063
42.875	-69.1388
42.9	-69.1707
42.925	-69.2021
42.95	-69.2329
42.975	-69.2632
43	-69.293
43.025	-69.3223
43.05	-69.351
43.075	-69.3793
43.1	-69.4072
43.125	-69.4346
43.15	-69.4615
43.175	-69.488
43.2	-69.5141
43.225	-69.5397
43.25	-69.5649
43.275	-69.5898
43.3	-69.6143
43.325	-69.6383
43.35	-69.662
43.375	-69.6854
43.4	-69.7084
43.425	-69.731
43.45	-69.7533
43.475	-69.7753
43.5	-69.7969
43.525	-69.8182
43.55	-69.8392
43.575	-69.86
43.6	-69.8804
43.625	-69.9005
43.65	-69.9203
43.675	-69.9399
43.7	-69.9592
43.725	-69.9782
43.75	-69.997
43.775	-70.0155
43.8	-70.0338
43.825	-70.0518
43.85	-70.0696
43.875	-70.0871
43.9	-70.1044
43.925	-70.1215
43.95	-70.1384
43.975	-70.155
44	-70.1715
44.025	-70.1877
44.05	-70.2038
44.075	-70.2196
44.1	-70.2353
44.125	-70.2507
44.15	-70.266
44.175	-70.2811
44.2	-70.296
44.225	-70.3108
44.25	-70.3253
44.275	-70.3397
44.3	-70.354
44.325	-70.368
44.35	-70.382
44.375	-70.3957
44.4	-70.4093
44.425	-70.4228
44.45	-70.4361
44.475	-70.4493
44.5	-70.4623
44.525	-70.4752
44.55	-70.488
44.575	-70.5006
44.6	-70.5131
44.625	-70.5255
44.65	-70.5378
44.675	-70.5499
44.7	-70.5619
44.725	-70.5738
44.75	-70.5856
44.775	-70.5972
44.8	-70.6088
44.825	-70.6202
44.85	-70.6315
44.875	-70.6428
44.9	-70.6539
44.925	-70.6649
44.95	-70.6758
44.975	-70.6867
45	-70.6974
45.025	-70.708
45.05	-70.7185
45.075	-70.729
45.1	-70.7393
45.125	-70.7496
45.15	-70.7598
45.175	-70.7698
45.2	-70.7798
45.225	-70.7898
45.25	-70.7996
45.275	-70.8094
45.3	-70.819
45.325	-70.8286
45.35	-70.8382
45.375	-70.8476
45.4	-70.857
45.425	-70.8663
45.45	-70.8755
45.475	-70.8847
45.5	-70.8938
45.525	-70.9028
45.55	-70.9118
45.575	-70.9207
45.6	-70.9295
45.625	-70.9383
45.65	-70.947
45.675	-70.9557
45.7	-70.9643
45.725	-70.9728
45.75	-70.9813
45.775	-70.9897
45.8	-70.998
45.825	-71.0063
45.85	-71.0146
45.875	-71.0228
45.9	-71.0309
45.925	-71.039
45.95	-71.047
45.975	-71.055
46	-71.0629
46.025	-71.0708
46.05	-71.0786
46.075	-71.0864
46.1	-71.0942
46.125	-71.1019
46.15	-71.1095
46.175	-71.1171
46.2	-71.1246
46.225	-71.1321
46.25	-71.1396
46.275	-71.147
46.3	-71.1544
46.325	-71.1617
46.35	-71.169
46.375	-71.1763
46.4	-71.1835
46.425	-71.1906
46.45	-71.1978
46.475	-71.2049
46.5	-71.2119
46.525	-71.2189
46.55	-71.2259
46.575	-71.2328
46.6	-71.2397
46.625	-71.2466
46.65	-71.2534
46.675	-71.2602
46.7	-71.2669
46.725	-71.2737
46.75	-71.2803
46.775	-71.287
46.8	-71.2936
46.825	-71.3002
46.85	-71.3067
46.875	-71.3132
46.9	-71.3197
46.925	-71.3262
46.95	-71.3326
46.975	-71.339
47	-71.3453
47.025	-71.3517
47.05	-71.358
47.075	-71.3642
47.1	-71.3705
47.125	-71.3767
47.15	-71.3828
47.175	-71.389
47.2	-71.3951
47.225	-71.4012
47.25	-71.4072
47.275	-71.4133
47.3	-71.4193
47.325	-71.4252
47.35	-71.4312
47.375	-71.4371
47.4	-71.443
47.425	-71.4489
47.45	-71.4547
47.475	-71.4605
47.5	-71.4663
47.525	-71.4721
47.55	-71.4778
47.575	-71.4835
47.6	-71.4892
47.625	-71.4949
47.65	-71.5005
47.675	-71.5061
47.7	-71.5117
47.725	-71.5173
47.75	-71.5228
47.775	-71.5283
47.8	-71.5338
47.825	-71.5393
47.85	-71.5448
47.875	-71.5502
47.9	-71.5556
47.925	-71.561
47.95	-71.5663
47.975	-71.5716
48	-71.577
48.025	-71.5823
48.05	-71.5875
48.075	-71.5928
48.1	-71.598
48.125	-71.6032
48.15	-71.6084
48.175	-71.6135
48.2	-71.6187
48.225	-71.6238
48.25	-71.6289
48.275	-71.634
48.3	-71.639
48.325	-71.6441
48.35	-71.6491
48.375	-71.6541
48.4	-71.6591
48.425	-71.664
48.45	-71.669
48.475	-71.6739
48.5	-71.6788
48.525	-71.6837
48.55	-71.6885
48.575	-71.6934
48.6	-71.6982
48.625	-71.703
48.65	-71.7078
48.675	-71.7126
48.7	-71.7173
48.725	-71.7221
48.75	-71.7268
48.775	-71.7315
48.8	-71.7361
48.825	-71.7408
48.85	-71.7454
48.875	-71.7501
48.9	-71.7547
48.925	-71.7593
48.95	-71.7638
48.975	-71.7684
49	-71.7729
49.025	-71.7775
49.05	-71.782
49.075	-71.7865
49.1	-71.7909
49.125	-71.7954
49.15	-71.7998
49.175	-71.8042
49.2	-71.8086
49.225	-71.813
49.25	-71.8174
49.275	-71.8218
49.3	-71.8261
49.325	-71.8304
49.35	-71.8347
49.375	-71.839
49.4	-71.8433
49.425	-71.8476
49.45	-71.8518
49.475	-71.8561
49.5	-71.8603
49.525	-71.8645
49.55	-71.8687
49.575	-71.8728
49.6	-71.877
49.625	-71.8811
49.65	-71.8853
49.675	-71.8894
49.7	-71.8935
49.725	-71.8975
49.75	-71.9016
49.775	-71.9057
49.8	-71.9097
49.825	-71.9137
49.85	-71.9177
49.875	-71.9217
49.9	-71.9257
49.925	-71.9297
49.95	-71.9336
49.975	-71.9376
50	-71.9415
