label:curcell.node[curcell.axonnodes-1].v(0.5)
4229
0	-86
0.00476216	-86.0249
0.0357379	-86.1729
0.23909	-85.89
1.60897	-83.0524
2.42495	-81.8869
3.38958	-80.8759
5.59425	-79.4777
6.54522	-79.106
7.65906	-78.7708
12.2452	-77.925
12.8644	-77.8398
15.3725	-77.5171
18.633	-77.1205
19.4636	-77.0208
19.8756	-76.9714
20.4776	-76.8994
21.9829	-76.7196
23.9396	-76.4869
25.7955	-76.2679
28.8436	-75.9136
33.7204	-75.3665
35.6	-75.1687
36.7183	-75.0456
38.7606	-74.8345
41.2891	-74.5823
44.4789	-74.279
49.7486	-73.8139
50.0161	-73.7915
50.5062	-73.7532
52.4674	-73.5911
55.6827	-73.3427
56.2923	-73.2974
57.7632	-73.1904
59.8511	-73.0441
61.6202	-72.9248
62.3081	-72.8798
66.0919	-72.6434
67.2568	-72.5746
68.1064	-72.5255
68.8884	-72.4811
71.6185	-72.3323
72.131	-72.3054
73.4667	-72.2367
73.8943	-72.2152
75.2023	-72.1507
76.5103	-72.0882
77.1595	-72.0579
79.1543	-71.9677
80.3779	-71.9144
82.0762	-71.8433
82.676	-71.8188
84.0516	-71.7641
84.7673	-71.7363
87.0515	-71.651
90.8556	-71.5196
91.2272	-71.5074
91.5497	-71.4979
92.6635	-71.4615
93.7591	-71.4277
94.3101	-71.411
96.9829	-71.3335
98.5979	-71.2894
102.61	-71.1878
103.397	-71.1692
104.199	-71.1506
104.666	-71.1399
105.242	-71.127
106.76	-71.0938
107.964	-71.0686
109.959	-71.0285
112.11	-70.9879
114.615	-70.9437
114.809	-70.9404
115.505	-70.9287
115.986	-70.9208
116.862	-70.9066
117.347	-70.8989
118.573	-70.88
119.377	-70.8679
120.648	-70.8495
121.999	-70.8306
122.757	-70.8203
124.558	-70.7969
125.963	-70.7795
126.841	-70.769
127.362	-70.7628
129.567	-70.7379
130.251	-70.7307
130.507	-70.728
131.013	-70.7227
131.584	-70.7168
133.206	-70.7007
133.725	-70.6957
134.203	-70.6912
134.831	-70.6853
135.083	-70.683
135.428	-70.6799
135.778	-70.6768
137.37	-70.6629
138.579	-70.6528
139.144	-70.6482
139.451	-70.6458
140.256	-70.6395
141.751	-70.6282
143.032	-70.6189
144.614	-70.608
144.734	-70.6072
145.598	-70.6015
146.642	-70.5949
147.686	-70.5884
148.064	-70.5861
148.343	-70.5845
149.441	-70.5781
150.037	-70.5747
151.764	-70.5653
152.33	-70.5623
153.883	-70.5545
154.359	-70.5521
155.8	-70.5453
156.81	-70.5407
157.578	-70.5374
158.522	-70.5333
160.724	-70.5244
162.199	-70.5188
162.522	-70.5176
163.062	-70.5157
164.189	-70.5117
164.882	-70.5093
166.058	-70.5055
166.426	-70.5043
166.812	-70.503
167.415	-70.5012
168.031	-70.4993
168.318	-70.4986
168.823	-70.4969
169.378	-70.4953
169.763	-70.4942
171.407	-70.4897
172.213	-70.4875
173.871	-70.4834
175.081	-70.4805
177.886	-70.4742
178.255	-70.4734
178.969	-70.472
179.577	-70.4707
179.971	-70.47
181.346	-70.4673
181.939	-70.4662
183.011	-70.4643
183.771	-70.463
184.883	-70.4611
186.227	-70.459
186.966	-70.4579
187.5	-70.4571
188.161	-70.4561
188.622	-70.4554
189.277	-70.4545
189.856	-70.4537
190.81	-70.4524
191.454	-70.4516
191.805	-70.4511
192.719	-70.45
193.405	-70.4492
193.792	-70.4487
194.042	-70.4485
195.101	-70.4472
195.773	-70.4465
196.816	-70.4454
198.066	-70.4441
198.996	-70.4432
200.295	-70.442
203.144	-70.4395
203.901	-70.4389
204.141	-70.4387
204.932	-70.4381
205.217	-70.4379
205.468	-70.4377
206.629	-70.4369
207.232	-70.4364
207.945	-70.4359
208.816	-70.4354
210.189	-70.4345
210.66	-70.4342
212.702	-70.433
213.905	-70.4323
214.472	-70.432
215.175	-70.4317
215.917	-70.4313
217.508	-70.4305
218.593	-70.4301
219.687	-70.4296
220.706	-70.4292
221.409	-70.4289
222.57	-70.4284
223.468	-70.4281
224.843	-70.4276
226.076	-70.4272
226.563	-70.4271
227.577	-70.4267
227.804	-70.4267
228.848	-70.4264
229.793	-70.4261
231.233	-70.4257
231.978	-70.4255
232.372	-70.4254
233.362	-70.4252
233.931	-70.425
235.169	-70.4248
235.61	-70.4247
236.164	-70.4245
237.079	-70.4244
238.007	-70.4242
238.415	-70.4241
239.674	-70.4239
240.264	-70.4237
240.924	-70.4236
241.699	-70.4235
242.707	-70.4233
243.715	-70.4232
244.198	-70.4231
245.094	-70.423
245.982	-70.4229
247.042	-70.4227
248.47	-70.4225
250.184	-70.4223
252.822	-70.422
254.067	-70.4219
254.483	-70.4219
255.51	-70.4218
256.617	-70.4217
257.429	-70.4216
259.413	-70.4215
260.567	-70.4214
261.009	-70.4213
261.82	-70.4213
262.058	-70.4213
263.188	-70.4212
263.591	-70.4212
264.276	-70.4211
265.754	-70.421
266.876	-70.421
268.108	-70.4209
268.656	-70.4209
269.898	-70.4208
270.386	-70.4208
271.357	-70.4208
272.458	-70.4207
272.707	-70.4207
273.725	-70.4207
274.275	-70.4207
275.585	-70.4206
275.95	-70.4206
276.816	-70.4206
277.331	-70.4206
278.898	-70.4205
280.265	-70.4205
280.648	-70.4205
281.892	-70.4204
283.102	-70.4204
283.98	-70.4204
284.646	-70.4204
285.831	-70.4203
286.926	-70.4203
287.351	-70.4203
287.545	-70.4203
288.407	-70.4203
289.454	-70.4203
289.853	-70.4203
291.104	-70.4202
291.412	-70.4202
291.994	-70.4202
292.377	-70.4202
293.177	-70.4202
293.929	-70.4202
294.246	-70.4202
294.361	-70.4202
294.884	-70.4202
295.705	-70.4202
296.412	-70.4202
296.98	-70.4202
297.544	-70.4202
298.051	-70.4202
298.62	-70.4202
298.952	-70.4202
299.485	-70.4201
299.714	-70.4201
300.241	-70.4201
300.463	-70.4201
300.796	-70.4201
301.614	-70.4201
301.862	-70.4201
302.395	-70.4201
302.917	-70.4201
303.647	-70.4201
304.336	-70.4201
305.014	-70.4201
305.687	-70.4201
306.094	-70.4201
306.741	-70.4201
307.047	-70.4201
307.631	-70.4201
308.028	-70.4201
309.41	-70.4201
309.955	-70.4201
310.63	-70.4201
311.328	-70.4201
311.997	-70.4201
312.522	-70.4201
312.858	-70.4201
313.471	-70.4201
314.27	-70.4201
314.525	-70.4201
314.871	-70.4201
315.778	-70.4201
316.096	-70.4201
316.81	-70.4201
317.258	-70.4201
317.795	-70.42
318.486	-70.42
319.336	-70.42
319.764	-70.42
321.2	-70.42
321.544	-70.42
322.744	-70.42
324.57	-70.42
326.892	-70.42
327.322	-70.42
328.202	-70.42
328.992	-70.42
329.255	-70.42
329.799	-70.42
330.439	-70.42
330.67	-70.42
331.593	-70.42
332.025	-70.42
332.999	-70.42
333.734	-70.42
334.089	-70.42
334.515	-70.42
334.797	-70.42
335.113	-70.42
336.522	-70.42
337.956	-70.42
338.404	-70.42
341	-70.42
341.317	-70.42
341.914	-70.42
342.665	-70.42
343.467	-70.42
343.634	-70.42
343.924	-70.42
344.987	-70.42
345.243	-70.42
345.875	-70.42
346.632	-70.42
347.271	-70.42
348.053	-70.42
348.298	-70.42
348.82	-70.42
349.493	-70.42
349.673	-70.42
350.069	-70.42
350.434	-70.42
350.672	-70.42
350.908	-70.42
351.595	-70.42
352.278	-70.42
352.638	-70.42
353.456	-70.42
353.994	-70.42
354.109	-70.42
354.803	-70.42
354.999	-70.42
355.365	-70.42
355.919	-70.42
356.437	-70.42
357.125	-70.42
357.703	-70.42
358.086	-70.42
358.595	-70.42
359.478	-70.42
360.428	-70.42
361.233	-70.42
361.849	-70.42
362.459	-70.42
363.074	-70.42
363.674	-70.42
364.432	-70.42
364.854	-70.42
365.758	-70.42
366.603	-70.42
367.762	-70.42
368.344	-70.42
369.27	-70.42
369.491	-70.42
369.945	-70.42
370.396	-70.42
371.5	-70.42
371.796	-70.42
372.549	-70.42
373.085	-70.42
373.406	-70.42
373.918	-70.42
375.198	-70.42
375.946	-70.42
376.314	-70.42
376.764	-70.42
377.727	-70.42
378.981	-70.42
379.752	-70.42
380.37	-70.42
380.805	-70.42
381.112	-70.42
382.175	-70.42
382.517	-70.42
382.836	-70.42
383.415	-70.42
383.727	-70.42
384.064	-70.42
384.662	-70.42
386.294	-70.42
386.537	-70.42
386.666	-70.42
386.891	-70.42
387.261	-70.42
387.7	-70.42
388.011	-70.42
388.482	-70.42
388.555	-70.42
389.582	-70.42
390.477	-70.42
390.699	-70.42
391.109	-70.42
391.408	-70.42
391.984	-70.42
392.287	-70.42
393.507	-70.42
394.25	-70.42
394.972	-70.42
395.257	-70.4201
395.899	-70.4201
397.125	-70.4201
398.517	-70.4201
399.077	-70.4201
399.428	-70.4201
399.929	-70.4201
400.44	-70.4201
401.068	-70.4201
401.376	-70.4201
402.045	-70.4201
402.231	-70.4201
402.45	-70.4201
402.516	-70.4201
403.109	-70.4201
403.483	-70.4201
403.863	-70.4201
404.322	-70.4201
404.57	-70.4201
405.065	-70.4201
405.275	-70.4201
405.691	-70.4201
406.069	-70.4201
406.708	-70.4201
407.007	-70.4201
407.355	-70.4201
407.852	-70.4201
408.648	-70.4201
409.122	-70.4201
409.479	-70.4201
410.493	-70.4201
410.881	-70.4201
411.098	-70.4201
411.679	-70.4201
411.918	-70.4201
412.755	-70.4201
413.573	-70.4201
414.406	-70.4201
414.75	-70.4201
414.983	-70.4201
415.379	-70.4201
415.715	-70.4201
416.174	-70.4201
416.446	-70.4201
417.142	-70.4201
417.615	-70.4201
417.861	-70.4201
418.33	-70.4201
419.189	-70.4201
419.575	-70.4201
420	-70.4201
420.77	-70.4201
421.856	-70.4201
422.485	-70.4201
423.079	-70.4201
423.774	-70.4201
424.537	-70.4201
424.805	-70.4201
425.245	-70.4201
425.795	-70.4201
426.627	-70.4201
427.263	-70.4201
428.133	-70.4201
429.003	-70.4201
430.212	-70.4201
430.571	-70.4201
431.381	-70.4201
432.145	-70.4201
432.46	-70.4201
433.056	-70.4201
433.835	-70.4201
434.525	-70.4201
435.07	-70.4201
435.545	-70.4201
435.86	-70.4201
436.415	-70.4201
436.97	-70.4201
437.822	-70.4201
438.283	-70.4201
438.709	-70.4201
439.157	-70.4201
439.708	-70.4201
440.074	-70.4201
440.205	-70.4201
440.726	-70.4201
441.333	-70.4201
441.674	-70.4201
441.964	-70.4201
442.319	-70.4201
442.882	-70.4201
443.901	-70.4201
444.109	-70.4201
444.559	-70.4201
445.291	-70.4201
445.64	-70.4201
445.954	-70.4201
446.178	-70.4201
446.592	-70.4201
446.802	-70.4201
447.101	-70.4201
448.032	-70.4201
448.669	-70.4201
448.789	-70.4201
448.915	-70.4201
449.43	-70.4201
449.745	-70.4201
450.039	-70.4201
450.365	-70.4201
450.657	-70.4201
451.099	-70.4201
451.273	-70.4201
451.622	-70.4201
451.882	-70.4201
451.972	-70.4201
452.234	-70.4201
452.336	-70.4201
452.375	-70.4201
452.405	-70.4201
452.417	-70.4201
452.426	-70.4201
452.447	-70.4201
452.466	-70.4201
452.487	-70.4201
452.507	-70.4201
452.525	-70.4201
452.546	-70.4201
452.569	-70.4201
452.587	-70.4201
452.609	-70.4201
452.631	-70.4201
452.647	-70.4201
452.669	-70.4201
452.687	-70.4201
452.704	-70.4201
452.725	-70.4201
452.744	-70.4201
452.764	-70.4201
452.786	-70.4201
452.803	-70.4201
452.825	-70.4201
452.842	-70.4201
452.859	-70.4201
452.881	-70.4201
452.901	-70.4201
452.92	-70.4201
452.942	-70.4201
452.962	-70.4201
452.981	-70.4201
453.003	-70.4201
453.021	-70.4201
453.042	-70.4201
453.064	-70.4201
453.083	-70.4201
453.103	-70.4201
453.12	-70.4201
453.137	-70.4201
453.159	-70.4201
453.179	-70.4201
453.198	-70.4201
453.219	-70.4201
453.238	-70.4201
453.258	-70.4201
453.279	-70.4201
453.298	-70.4201
453.318	-70.4201
453.339	-70.4201
453.357	-70.4201
453.378	-70.4201
453.399	-70.4201
453.417	-70.4201
453.438	-70.4201
453.459	-70.4201
453.477	-70.4201
453.499	-70.4201
453.519	-70.4201
453.537	-70.4201
453.559	-70.42
453.579	-70.42
453.598	-70.42
453.606	-70.42
453.619	-70.42
453.635	-70.4199
453.656	-70.4197
453.678	-70.4193
453.695	-70.4187
453.715	-70.4175
453.736	-70.4149
453.754	-70.4108
453.776	-70.4011
453.796	-70.3828
453.814	-70.3519
453.836	-70.2807
453.856	-70.1502
453.874	-69.9179
453.896	-69.3984
453.915	-68.4725
453.935	-66.7085
453.956	-62.9103
453.975	-56.6945
453.994	-43.2809
454.01	-21.2244
454.027	-2.44041
454.066	5.74802
454.194	-2.79876
454.413	-31.588
454.709	-56.9772
455.092	-68.0652
455.317	-69.1791
455.615	-69.2216
455.816	-69.0047
455.935	-68.8623
455.99	-68.7962
456.027	-68.7541
456.062	-68.7148
456.093	-68.6794
456.122	-68.6482
456.148	-68.6202
456.163	-68.6053
456.176	-68.5921
456.198	-68.5695
456.22	-68.5474
456.242	-68.5258
456.264	-68.5059
456.289	-68.4813
456.313	-68.4593
456.337	-68.4385
456.358	-68.4196
456.38	-68.4012
456.402	-68.3832
456.427	-68.363
456.451	-68.3443
456.475	-68.3261
456.499	-68.3084
456.523	-68.2913
456.547	-68.2747
456.571	-68.2587
456.595	-68.2431
456.619	-68.2281
456.643	-68.2136
456.667	-68.1996
456.691	-68.1861
456.715	-68.1731
456.739	-68.1606
456.763	-68.1486
456.787	-68.137
456.811	-68.126
456.836	-68.1153
456.86	-68.1052
456.883	-68.0957
456.889	-68.0935
456.911	-68.0848
456.934	-68.0764
456.96	-68.0675
456.981	-68.0604
457.002	-68.0537
457.028	-68.046
457.048	-68.0401
457.074	-68.0331
457.1	-68.0266
457.124	-68.021
457.146	-68.0161
457.17	-68.0111
457.188	-68.0076
457.212	-68.0034
457.235	-67.9994
457.258	-67.9958
457.281	-67.9925
457.305	-67.9895
457.328	-67.9868
457.351	-67.9843
457.374	-67.982
457.397	-67.9799
457.421	-67.9778
457.444	-67.9755
457.467	-67.9724
457.49	-67.9674
457.514	-67.9586
457.537	-67.9414
457.56	-67.9073
457.583	-67.8387
457.607	-67.6992
457.63	-67.4165
457.653	-66.8491
457.676	-65.7105
457.7	-63.3861
457.723	-58.6381
457.746	-49.0401
457.769	-28.0195
457.793	-4.0439
457.837	2.34572
457.966	-9.86994
457.988	-12.9774
458.079	-25.0095
458.098	-27.2197
458.237	-41.6425
458.382	-52.5116
458.536	-59.9149
458.845	-65.5801
459.137	-66.318
459.738	-65.4262
460.319	-64.547
460.639	-64.216
460.788	-64.1012
460.836	-64.0694
461.301	-63.8953
461.543	-63.9062
461.681	-63.944
461.834	-64.0117
462.321	-64.3804
462.742	-64.7889
462.956	-64.985
463.259	-65.225
463.841	-65.5624
464.21	-65.7218
464.919	-65.9987
465.177	-66.0991
465.453	-66.214
465.765	-66.3441
466.012	-66.4483
466.471	-66.6431
467.138	-66.9202
467.443	-67.0433
467.862	-67.2086
468.242	-67.3545
468.525	-67.4607
468.707	-67.5283
468.979	-67.6277
470.41	-68.1251
470.552	-68.1721
471.099	-68.3497
471.341	-68.4261
471.831	-68.5778
472.668	-68.8257
473.461	-69.0482
474.013	-69.1964
474.556	-69.3367
474.997	-69.4468
475.634	-69.5996
475.734	-69.623
476.306	-69.7534
476.585	-69.8151
476.884	-69.8795
477.398	-69.9873
477.636	-70.0357
478.155	-70.1381
478.271	-70.1595
478.532	-70.21
478.831	-70.2652
478.984	-70.2931
479.077	-70.3099
479.098	-70.3136
479.151	-70.3231
479.177	-70.3277
479.186	-70.3294
479.203	-70.3325
479.223	-70.3359
479.243	-70.3395
479.266	-70.3437
479.286	-70.347
479.306	-70.3507
479.326	-70.3541
479.345	-70.3575
479.364	-70.3608
479.383	-70.3642
479.403	-70.3676
479.422	-70.3709
479.441	-70.3743
479.46	-70.3776
479.48	-70.381
479.499	-70.3843
479.518	-70.3877
479.538	-70.391
479.557	-70.3943
479.576	-70.3976
479.595	-70.4009
479.615	-70.4043
479.634	-70.4076
479.653	-70.4109
479.672	-70.4141
479.692	-70.4174
479.694	-70.4178
479.707	-70.4201
479.73	-70.424
479.753	-70.4278
479.772	-70.4311
479.795	-70.4349
479.814	-70.4381
479.836	-70.4418
479.859	-70.4458
479.877	-70.4488
479.9	-70.4527
479.924	-70.4567
479.943	-70.4599
479.966	-70.4637
479.989	-70.4675
480.006	-70.4703
480.028	-70.4739
480.033	-70.4747
480.054	-70.4783
480.073	-70.4814
480.097	-70.4853
480.12	-70.4891
480.138	-70.4921
480.158	-70.4953
480.174	-70.498
480.197	-70.5018
480.22	-70.5055
480.238	-70.5084
480.262	-70.5123
480.285	-70.5161
480.304	-70.5191
480.327	-70.5228
480.349	-70.5264
480.368	-70.5294
480.392	-70.5333
480.413	-70.5367
480.432	-70.5397
480.455	-70.5434
480.475	-70.5465
480.496	-70.5498
480.519	-70.5535
480.537	-70.5562
480.559	-70.5596
480.581	-70.5629
480.6	-70.5653
480.623	-70.5679
480.643	-70.5693
480.663	-70.5691
480.686	-70.5651
480.704	-70.5568
480.727	-70.5339
480.749	-70.4838
480.766	-70.4119
480.79	-70.2193
480.812	-69.8498
480.83	-69.2905
480.853	-67.8979
480.876	-65.1545
480.884	-63.5363
480.895	-60.5764
480.915	-51.9072
480.935	-34.4303
480.952	-8.11992
480.979	2.89269
481.066	2.4481
481.277	-25.441
481.437	-42.6003
481.767	-62.3871
482.044	-66.9539
482.456	-67.6729
482.627	-67.4853
483.307	-66.6812
483.728	-66.4146
484.42	-66.3407
485.264	-66.6055
486.178	-67.0051
486.529	-67.156
487.365	-67.4979
488.454	-67.9128
488.828	-68.0496
489	-68.1113
489.405	-68.2543
490.421	-68.5983
490.702	-68.6894
491.068	-68.806
492.153	-69.1355
494.077	-69.6624
494.457	-69.7582
494.98	-69.8857
495.851	-70.0872
496.338	-70.1939
497.119	-70.3569
498.098	-70.5466
498.337	-70.5906
498.755	-70.6657
499.274	-70.7548
499.933	-70.8624
502.713	-71.2489
503.347	-71.3229
503.761	-71.3687
504.215	-71.4166
504.447	-71.4401
504.544	-71.4497
504.93	-71.4873
505.097	-71.5029
506.213	-71.6002
507.514	-71.6979
507.835	-71.7196
508.272	-71.7459
509.158	-71.7994
510.062	-71.8456
510.282	-71.8559
510.421	-71.8623
510.743	-71.8764
511.431	-71.904
511.712	-71.9129
512.082	-71.9272
512.3	-71.9344
512.919	-71.9531
513.329	-71.9642
513.623	-71.9715
513.796	-71.9756
514.164	-71.9838
514.359	-71.9878
514.621	-71.9929
515.588	-72.0087
515.958	-72.0135
516.222	-72.0166
516.808	-72.0222
517.11	-72.0246
517.724	-72.0282
518.122	-72.0298
518.709	-72.031
518.805	-72.0311
519	-72.0312
519.704	-72.0303
520.235	-72.0286
520.442	-72.0277
521.122	-72.0239
522.157	-72.0156
522.481	-72.0125
523.349	-72.0029
523.904	-71.9958
524.295	-71.9905
524.419	-71.9888
524.653	-71.9854
525.157	-71.9777
525.767	-71.9679
526.587	-71.9537
527.306	-71.9405
528.165	-71.9238
528.376	-71.9195
528.763	-71.9116
529.341	-71.8995
529.827	-71.8891
530.192	-71.8811
530.406	-71.8763
530.603	-71.8719
531.697	-71.8469
532.035	-71.8391
532.36	-71.8314
532.887	-71.8188
533.027	-71.8155
533.113	-71.8134
533.156	-71.8124
533.182	-71.8117
533.201	-71.8113
533.226	-71.8107
533.243	-71.8103
533.26	-71.8099
533.284	-71.8093
533.302	-71.8088
533.323	-71.8083
533.345	-71.8078
533.363	-71.8074
533.381	-71.8069
533.4	-71.8065
533.419	-71.806
533.441	-71.8055
533.459	-71.805
533.48	-71.8045
533.502	-71.804
533.52	-71.8036
533.54	-71.803
533.556	-71.8027
533.578	-71.8021
533.6	-71.8016
533.616	-71.8012
533.639	-71.8007
533.658	-71.8002
533.677	-71.7997
533.699	-71.7992
533.715	-71.7988
533.737	-71.7983
533.756	-71.7978
533.774	-71.7974
533.796	-71.7968
533.813	-71.7964
533.835	-71.7959
533.856	-71.7954
533.875	-71.7949
533.894	-71.7944
533.909	-71.7941
533.93	-71.7936
533.951	-71.793
533.969	-71.7926
533.99	-71.7921
534.007	-71.7917
534.027	-71.7912
534.05	-71.7906
534.065	-71.7902
534.089	-71.7896
534.11	-71.7891
534.123	-71.7888
534.131	-71.7886
534.152	-71.7881
534.169	-71.7877
534.19	-71.7872
534.211	-71.7867
534.226	-71.7863
534.249	-71.7857
534.266	-71.7853
534.286	-71.7848
534.307	-71.7843
534.324	-71.7839
534.346	-71.7833
534.365	-71.7828
534.384	-71.7824
534.406	-71.7818
534.425	-71.7813
534.446	-71.7808
534.456	-71.7805
534.466	-71.7803
534.481	-71.7798
534.505	-71.7791
534.523	-71.7784
534.542	-71.7775
534.561	-71.7763
534.576	-71.7749
534.6	-71.7711
534.62	-71.7655
534.64	-71.7548
534.664	-71.7305
534.679	-71.7012
534.701	-71.6264
534.721	-71.4982
534.737	-71.3035
534.76	-70.8292
534.776	-70.1714
534.797	-68.6683
534.816	-66.0546
534.834	-61.4768
534.856	-50.9429
534.872	-35.7919
534.888	-9.53211
534.912	2.85605
534.982	5.87068
535.172	-17.5263
535.359	-39.7144
535.672	-61.9399
536.177	-69.5685
536.336	-69.7329
536.534	-69.6485
537.351	-68.9547
537.609	-68.8462
538.573	-68.7544
539.066	-68.8319
539.267	-68.8741
539.667	-68.967
540.772	-69.2392
541.174	-69.3357
541.433	-69.3965
541.865	-69.4959
542.333	-69.6001
542.802	-69.7008
542.949	-69.7317
543.058	-69.7544
543.266	-69.7972
543.412	-69.8269
543.503	-69.8451
543.822	-69.9082
544.025	-69.9477
544.151	-69.9717
544.218	-69.9845
544.258	-69.9921
544.288	-69.9977
544.314	-70.0027
544.336	-70.0069
544.357	-70.0107
544.377	-70.0145
544.397	-70.0182
544.417	-70.0219
544.436	-70.0256
544.456	-70.0293
544.476	-70.033
544.496	-70.0367
544.516	-70.0404
544.536	-70.044
544.556	-70.0477
544.575	-70.0514
544.595	-70.055
544.615	-70.0587
544.635	-70.0623
544.655	-70.066
544.675	-70.0696
544.695	-70.0732
544.715	-70.0769
544.734	-70.0805
544.754	-70.0841
544.774	-70.0877
544.794	-70.0913
544.814	-70.0949
544.834	-70.0985
544.854	-70.1021
544.873	-70.1056
544.893	-70.1092
544.913	-70.1128
544.933	-70.1163
544.953	-70.1199
544.973	-70.1234
544.993	-70.127
545.013	-70.1305
545.032	-70.134
545.052	-70.1376
545.072	-70.1411
545.092	-70.1446
545.112	-70.1481
545.132	-70.1516
545.152	-70.1551
545.172	-70.1586
545.191	-70.1621
545.211	-70.1656
545.231	-70.169
545.24	-70.1707
545.257	-70.1736
545.275	-70.1767
545.298	-70.1808
545.323	-70.185
545.341	-70.188
545.359	-70.1913
545.378	-70.1946
545.401	-70.1985
545.419	-70.2016
545.44	-70.2053
545.461	-70.2088
545.481	-70.2122
545.501	-70.2156
545.505	-70.2164
545.527	-70.2201
545.548	-70.2236
545.568	-70.2271
545.588	-70.2305
545.607	-70.2335
545.629	-70.2372
545.652	-70.2407
545.671	-70.2433
545.693	-70.246
545.716	-70.2473
545.735	-70.2467
545.758	-70.2415
545.779	-70.228
545.799	-70.2021
545.822	-70.1386
545.843	-70.0174
545.863	-69.7969
545.886	-69.299
545.907	-68.4025
545.927	-66.6723
545.95	-62.9331
545.97	-56.7781
545.99	-43.2003
546.008	-20.8978
546.026	-1.92226
546.067	4.86682
546.129	2.35393
546.188	-4.55901
546.344	-25.864
546.516	-43.9397
546.861	-63.1096
547.466	-67.5104
547.938	-66.9309
548.62	-66.226
548.988	-66.0608
549.344	-66.02
549.645	-66.0587
550.285	-66.28
550.54	-66.3941
550.885	-66.5548
551.494	-66.8336
551.742	-66.9422
552.175	-67.1248
552.713	-67.3419
553.231	-67.5433
554.187	-67.8997
554.524	-68.021
555.224	-68.2651
555.976	-68.5164
556.325	-68.6288
556.904	-68.8102
557.295	-68.9288
558.049	-69.1488
558.231	-69.1875
558.605	-69.304
558.968	-69.4022
559.842	-69.6281
560.076	-69.6865
560.719	-69.841
561.06	-69.8984
562.229	-70.1759
563.09	-70.3496
563.318	-70.3937
564.092	-70.5369
564.477	-70.6046
564.723	-70.6468
565.112	-70.7117
566.243	-70.8877
566.496	-70.9248
567.339	-71.0415
567.968	-71.1226
568.507	-71.1882
569.483	-71.2981
570.154	-71.3672
571.899	-71.5239
574.541	-71.7052
575.911	-71.7763
576.542	-71.8045
576.863	-71.8178
578.293	-71.8687
579.079	-71.8912
581.22	-71.9353
581.494	-71.9393
584.655	-71.9623
587.346	-71.954
587.904	-71.9499
589.373	-71.9355
590.531	-71.9209
591.107	-71.9128
593.519	-71.8728
594.076	-71.8624
595.005	-71.8444
595.457	-71.8353
597.515	-71.7915
598.966	-71.7588
601.648	-71.6958
602.931	-71.6651
603.846	-71.6425
605.323	-71.6063
606.647	-71.5738
607.353	-71.5565
607.829	-71.5448
609.199	-71.5113
610.207	-71.4869
611.718	-71.4505
612.654	-71.429
613.997	-71.3967
615.003	-71.3733
616.434	-71.3406
617.346	-71.3201
618.163	-71.3019
618.932	-71.2851
620.166	-71.2584
620.917	-71.2424
621.396	-71.2324
622.88	-71.2017
623.838	-71.1823
626.612	-71.1281
628.143	-71.0995
629.149	-71.0812
630.411	-71.0587
631.782	-71.035
633.454	-71.007
636.056	-70.9655
636.93	-70.9525
637.549	-70.9428
638.077	-70.9349
638.546	-70.928
638.856	-70.9235
640.129	-70.9053
640.974	-70.8935
641.958	-70.8801
642.798	-70.869
643.791	-70.856
644.437	-70.8478
645.917	-70.8294
646.628	-70.8209
648.609	-70.7978
649.562	-70.7871
650.691	-70.7748
651.896	-70.762
652.569	-70.7551
653.363	-70.747
653.953	-70.7411
654.505	-70.7357
654.797	-70.7329
655.911	-70.7223
656.222	-70.7194
658.148	-70.702
658.842	-70.696
660.023	-70.6859
660.452	-70.6824
661.173	-70.6765
662.297	-70.6675
662.949	-70.6625
663.758	-70.6563
664.199	-70.653
666.516	-70.6364
667.44	-70.63
667.802	-70.6276
668.889	-70.6204
669.401	-70.6171
669.987	-70.6134
670.911	-70.6077
671.721	-70.6028
672.535	-70.598
673.563	-70.5921
674.413	-70.5874
675.963	-70.5791
677.513	-70.5711
679.748	-70.5603
680.07	-70.5588
680.714	-70.5558
681.551	-70.5521
681.865	-70.5507
684.537	-70.5394
685.595	-70.5352
688.214	-70.5253
688.423	-70.5246
688.955	-70.5227
690.129	-70.5187
690.367	-70.5178
690.656	-70.5169
692.239	-70.5117
693.094	-70.509
694.268	-70.5055
695	-70.5033
695.487	-70.502
696.503	-70.4991
697.147	-70.4973
698.214	-70.4944
698.821	-70.4929
699.629	-70.4908
700.015	-70.4899
701.1	-70.4872
701.962	-70.4852
703.246	-70.4823
704.917	-70.4787
706.784	-70.4749
707.967	-70.4726
708.914	-70.4708
709.943	-70.469
710.11	-70.4687
710.548	-70.4679
711.368	-70.4665
712.726	-70.4643
713.814	-70.4625
714.321	-70.4618
715.454	-70.4601
716.21	-70.459
716.844	-70.4581
717.946	-70.4565
718.892	-70.4553
719.592	-70.4544
719.899	-70.454
720.333	-70.4534
721.129	-70.4525
722.427	-70.4509
723.122	-70.4501
723.642	-70.4496
724.294	-70.4488
724.542	-70.4486
725.22	-70.4479
726.056	-70.447
726.376	-70.4467
727.04	-70.446
727.38	-70.4457
728.497	-70.4446
729.083	-70.4441
729.776	-70.4434
730.249	-70.443
731.209	-70.4422
732.422	-70.4412
733.206	-70.4406
733.616	-70.4402
734.625	-70.4395
735.654	-70.4387
736.444	-70.4381
736.874	-70.4379
737.331	-70.4375
738.507	-70.4368
739.75	-70.436
742.558	-70.4343
744.305	-70.4334
746.344	-70.4323
749.771	-70.4308
750.249	-70.4306
751.149	-70.4302
751.409	-70.4301
751.899	-70.4299
752.587	-70.4296
754.134	-70.429
755.281	-70.4286
756.115	-70.4283
756.657	-70.4282
757.591	-70.4279
758.524	-70.4276
759.118	-70.4274
759.76	-70.4272
760.682	-70.4269
760.951	-70.4268
761.88	-70.4266
762.755	-70.4264
763.011	-70.4263
763.903	-70.4261
764.267	-70.426
765.212	-70.4257
766.158	-70.4255
767.103	-70.4253
767.531	-70.4252
768.228	-70.4251
768.916	-70.4249
771.006	-70.4245
771.861	-70.4244
772.304	-70.4243
773.084	-70.4241
774.064	-70.424
775.211	-70.4238
775.591	-70.4237
776.119	-70.4236
776.681	-70.4236
777.487	-70.4234
778.613	-70.4233
778.985	-70.4232
779.879	-70.4231
781.041	-70.423
782.459	-70.4228
784.166	-70.4226
786.375	-70.4223
788.061	-70.4222
788.89	-70.4221
789.753	-70.422
790.085	-70.422
790.995	-70.4219
791.528	-70.4219
792.991	-70.4218
793.841	-70.4217
794.894	-70.4216
795.52	-70.4216
796.798	-70.4215
797.39	-70.4214
798.992	-70.4213
799.568	-70.4213
800.022	-70.4213
800.464	-70.4213
801.078	-70.4212
801.945	-70.4212
802.395	-70.4212
803.007	-70.4211
803.371	-70.4211
804.147	-70.4211
804.496	-70.4211
804.801	-70.421
805.264	-70.421
805.472	-70.421
806.219	-70.421
806.863	-70.4209
807.611	-70.4209
808.387	-70.4209
809.187	-70.4209
809.656	-70.4208
810.517	-70.4208
811.396	-70.4208
812.643	-70.4207
813.691	-70.4207
814.098	-70.4207
814.764	-70.4207
815.739	-70.4206
816.314	-70.4206
817.005	-70.4206
818.453	-70.4206
820.087	-70.4205
820.966	-70.4205
822.177	-70.4205
823.204	-70.4204
824.004	-70.4204
825.112	-70.4204
826.243	-70.4204
827.665	-70.4204
829.286	-70.4203
831.856	-70.4203
832.477	-70.4203
833.637	-70.4203
836.756	-70.4202
837.437	-70.4202
838.268	-70.4202
839.818	-70.4202
840.673	-70.4202
841.143	-70.4202
841.817	-70.4202
842.955	-70.4202
844.961	-70.4202
846.558	-70.4202
848.417	-70.4202
848.708	-70.4202
849.294	-70.4201
849.761	-70.4201
850.398	-70.4201
851.433	-70.4201
851.965	-70.4201
852.276	-70.4201
852.931	-70.4201
853.898	-70.4201
855.105	-70.4201
856.333	-70.4201
857.577	-70.4201
859.351	-70.4201
859.807	-70.4201
860.556	-70.4201
860.866	-70.4201
861.13	-70.4201
861.626	-70.4201
862.438	-70.4201
863.837	-70.4201
864.386	-70.4201
864.848	-70.4201
865.476	-70.4201
866.216	-70.4201
866.439	-70.4201
867.277	-70.4201
867.628	-70.4201
867.737	-70.4201
868.22	-70.4201
868.943	-70.4201
869.202	-70.4201
869.574	-70.4201
870.177	-70.4201
870.914	-70.4201
871.488	-70.4201
871.942	-70.4201
872.508	-70.4201
872.942	-70.4201
873.901	-70.4201
874.462	-70.4201
875.001	-70.4201
877.04	-70.4201
878.571	-70.4201
879.337	-70.4201
880.032	-70.4201
880.395	-70.4201
881.379	-70.4201
882.084	-70.4201
882.481	-70.4201
882.898	-70.4201
883.535	-70.4201
884.389	-70.4201
884.844	-70.4201
885.619	-70.4201
886.752	-70.4201
887.655	-70.4201
888.955	-70.4201
889.554	-70.4201
889.712	-70.4201
891.809	-70.4201
892.246	-70.4201
892.409	-70.4201
892.518	-70.4201
892.749	-70.4201
893.4	-70.4201
893.641	-70.4201
895.026	-70.4201
895.567	-70.4201
895.949	-70.4201
896.941	-70.4201
897.188	-70.4201
897.625	-70.4201
898.193	-70.4201
898.778	-70.4201
898.999	-70.4201
899.907	-70.4201
900.489	-70.4201
901.24	-70.4201
901.959	-70.4201
902.163	-70.4201
902.673	-70.4201
903.289	-70.4201
903.592	-70.4201
904.306	-70.4201
904.733	-70.4201
905.386	-70.4201
906.045	-70.4201
906.362	-70.4201
906.545	-70.4201
906.846	-70.4201
907.967	-70.4201
908.579	-70.4201
909.122	-70.4201
909.572	-70.4201
909.95	-70.4201
910.438	-70.4201
910.813	-70.4201
910.994	-70.4201
911.798	-70.4201
912.738	-70.4201
913.181	-70.4201
913.445	-70.4201
914.085	-70.4201
914.498	-70.4201
915.124	-70.4201
915.75	-70.4201
916.049	-70.4201
916.289	-70.4201
916.841	-70.4201
917.382	-70.4201
917.713	-70.4201
918.049	-70.4201
918.226	-70.4201
918.808	-70.4201
919.094	-70.4201
919.643	-70.4201
919.914	-70.4201
920.279	-70.4201
920.908	-70.4201
921.963	-70.4201
922.787	-70.4201
923.647	-70.4201
924.106	-70.4201
924.772	-70.4201
925.327	-70.4201
926.084	-70.4201
926.764	-70.4201
927.264	-70.4201
927.867	-70.4201
928.4	-70.4201
929.516	-70.4201
929.758	-70.4201
929.984	-70.4201
930.33	-70.4201
930.672	-70.4201
930.784	-70.4201
931.503	-70.4201
932.259	-70.4201
933.028	-70.4201
933.401	-70.4201
933.999	-70.4201
934.828	-70.4201
935.64	-70.4201
936.019	-70.4201
936.565	-70.4201
936.833	-70.4201
937.548	-70.4201
938.244	-70.4201
938.564	-70.4201
938.748	-70.4201
939.199	-70.4201
939.461	-70.4201
939.64	-70.4201
939.833	-70.4201
939.895	-70.4201
939.929	-70.4201
939.959	-70.4201
939.983	-70.4201
940.007	-70.4201
940.028	-70.4201
940.047	-70.4201
940.057	-70.4201
940.071	-70.4201
940.089	-70.4201
940.112	-70.4201
940.133	-70.4201
940.15	-70.4201
940.17	-70.4201
940.191	-70.4201
940.211	-70.4201
940.232	-70.4201
940.249	-70.4201
940.27	-70.4201
940.292	-70.4201
940.308	-70.4201
940.33	-70.4201
940.35	-70.4201
940.367	-70.4201
940.39	-70.4201
940.41	-70.4201
940.429	-70.4201
940.447	-70.4201
940.465	-70.4201
940.484	-70.4201
940.502	-70.4201
940.52	-70.4201
940.538	-70.4201
940.556	-70.4201
940.565	-70.4201
940.572	-70.4201
940.593	-70.4201
940.612	-70.4201
940.633	-70.4201
940.651	-70.4201
940.668	-70.4201
940.686	-70.4201
940.704	-70.4201
940.721	-70.4201
940.739	-70.4201
940.757	-70.4201
940.778	-70.4201
940.796	-70.4201
940.818	-70.4201
940.826	-70.4201
940.84	-70.4201
940.858	-70.4201
940.88	-70.4201
940.898	-70.4201
940.918	-70.4201
940.934	-70.4201
940.951	-70.4201
940.973	-70.4201
940.992	-70.4201
941.011	-70.4201
941.035	-70.4201
941.053	-70.4201
941.072	-70.4201
941.093	-70.4201
941.111	-70.42
941.129	-70.42
941.151	-70.42
941.169	-70.42
941.192	-70.4199
941.211	-70.4198
941.229	-70.4196
941.247	-70.4193
941.266	-70.4186
941.284	-70.4174
941.302	-70.4152
941.321	-70.4112
941.339	-70.4038
941.357	-70.3903
941.376	-70.3656
941.394	-70.3199
941.412	-70.2366
941.431	-70.084
941.449	-69.8005
941.467	-69.2902
941.486	-68.3498
941.504	-66.587
941.522	-63.4864
941.541	-57.6259
941.559	-46.1491
941.577	-23.9168
941.596	-2.28587
941.628	5.22401
941.735	0.552466
941.978	-31.3027
942.242	-54.7821
942.689	-68.3121
942.927	-69.2458
943.41	-68.9742
943.728	-68.6087
944.244	-68.1962
944.876	-67.989
945.462	-67.9953
945.764	-68.0393
945.986	-68.0822
946.742	-68.2602
947.466	-68.4404
948.168	-68.6087
948.411	-68.6652
948.892	-68.7738
949.737	-68.9565
950.036	-69.0186
950.724	-69.1568
951.177	-69.2444
951.631	-69.3292
951.869	-69.3727
952.355	-69.4592
953.383	-69.6318
954.011	-69.7309
954.882	-69.8607
955.383	-69.9315
955.868	-69.9973
956.118	-70.0302
956.53	-70.083
957.317	-70.1791
957.584	-70.2102
958.021	-70.2598
958.265	-70.2867
958.595	-70.322
958.814	-70.345
959.036	-70.3679
959.532	-70.4173
959.676	-70.4311
960.714	-70.5264
961.054	-70.5556
961.449	-70.5884
961.561	-70.5975
961.861	-70.6214
962.413	-70.6635
962.651	-70.6809
963.333	-70.7288
963.883	-70.765
964.825	-70.8224
965.162	-70.8399
965.775	-70.8747
966.694	-70.9203
967.015	-70.9351
967.361	-70.9505
968.123	-70.9821
968.274	-70.9881
968.493	-70.9965
969.411	-71.0294
969.847	-71.0436
970.524	-71.0641
971.044	-71.0786
971.839	-71.0988
972.168	-71.1064
972.378	-71.1111
973.027	-71.1246
973.224	-71.1284
973.32	-71.1302
973.488	-71.1333
973.682	-71.1368
974.464	-71.1496
974.805	-71.1546
975.123	-71.1589
975.711	-71.1662
976.399	-71.1736
976.581	-71.1754
976.935	-71.1786
977.432	-71.1826
977.829	-71.1853
978.085	-71.1869
978.318	-71.1883
978.419	-71.1888
978.466	-71.1891
978.498	-71.1892
978.524	-71.1894
978.547	-71.1895
978.57	-71.1896
978.591	-71.1897
978.612	-71.1898
978.632	-71.1899
978.652	-71.19
978.675	-71.1901
978.695	-71.1902
978.715	-71.1903
978.736	-71.1904
978.753	-71.1905
978.775	-71.1906
978.795	-71.1907
978.814	-71.1908
978.836	-71.1909
978.857	-71.1909
978.874	-71.191
978.897	-71.1911
978.914	-71.1912
978.936	-71.1913
978.957	-71.1914
978.974	-71.1915
978.996	-71.1915
979.015	-71.1916
979.024	-71.1917
979.03	-71.1917
979.052	-71.1918
979.055	-71.1918
979.067	-71.1918
979.072	-71.1918
979.091	-71.1919
979.11	-71.192
979.127	-71.1921
979.147	-71.1921
979.162	-71.1922
979.177	-71.1923
979.193	-71.1923
979.216	-71.1924
979.233	-71.1925
979.253	-71.1925
979.271	-71.1926
979.289	-71.1927
979.312	-71.1927
979.332	-71.1928
979.35	-71.1929
979.371	-71.193
979.388	-71.193
979.407	-71.1931
979.426	-71.1931
979.444	-71.1932
979.463	-71.1933
979.48	-71.1933
979.497	-71.1934
979.514	-71.1934
979.536	-71.1935
979.557	-71.1936
979.574	-71.1936
979.597	-71.1937
979.613	-71.1937
979.633	-71.1938
979.654	-71.1938
979.672	-71.1939
979.695	-71.1939
979.716	-71.194
979.734	-71.194
979.755	-71.1941
979.773	-71.1941
979.791	-71.1941
979.81	-71.194
979.828	-71.1939
979.846	-71.1937
979.864	-71.1932
979.882	-71.1922
979.9	-71.1905
979.919	-71.1874
979.942	-71.1794
979.958	-71.1689
979.981	-71.1414
980.002	-71.0882
980.02	-71.0055
980.042	-70.8128
980.06	-70.5098
980.079	-69.9515
980.1	-68.7341
980.117	-66.8875
980.139	-62.4947
980.156	-56.0446
980.174	-43.0958
980.192	-18.4654
980.209	-1.02442
980.254	6.24067
980.399	-6.23594
980.411	-7.89839
980.498	-20.062
980.63	-35.8503
980.68	-40.8935
980.844	-54.1892
980.914	-58.3869
981.215	-67.2727
981.263	-67.8159
981.603	-69.1009
982.035	-68.7727
982.407	-68.3745
982.901	-68.035
983.099	-67.9599
983.315	-67.9101
984.224	-67.9584
984.459	-68.0105
984.869	-68.1174
985.067	-68.173
985.617	-68.3311
985.974	-68.433
986.665	-68.624
987.462	-68.8335
988.136	-69.0019
988.285	-69.0383
988.652	-69.1261
988.802	-69.1613
988.946	-69.191
989.808	-69.3885
990.395	-69.5137
990.74	-69.5849
991.1	-69.6572
991.419	-69.7197
992.05	-69.8389
992.57	-69.9327
993.171	-70.0364
993.627	-70.1119
993.927	-70.1602
994.44	-70.2398
994.987	-70.321
995.873	-70.4446
996.524	-70.5296
996.95	-70.5826
997.303	-70.6249
997.991	-70.7037
998.564	-70.7654
999.272	-70.8369
1001.06	-70.9965
1001.99	-71.0684
1002.73	-71.1206
1002.89	-71.1314
1004.17	-71.2105
1004.81	-71.2454
1005.43	-71.2768
1006.85	-71.3397
1007.19	-71.353
1008.64	-71.4025
1008.98	-71.4126
1009.41	-71.4246
1009.79	-71.4344
1011.11	-71.4635
1011.58	-71.4721
1013.47	-71.4982
1014.43	-71.5069
1015	-71.5107
1015.86	-71.5147
1016.25	-71.5158
1016.5	-71.5164
1016.64	-71.5166
1016.93	-71.517
1017.29	-71.5171
1017.45	-71.5171
1018.18	-71.5163
1018.41	-71.5157
1018.57	-71.5154
1019.03	-71.5139
1019.19	-71.5134
1019.75	-71.5108
1020.16	-71.5085
1020.75	-71.5049
1021.29	-71.501
1021.83	-71.4968
1022.45	-71.4914
1022.86	-71.4874
1023.38	-71.4822
1023.97	-71.4759
1024.57	-71.4691
1024.97	-71.4644
1025.25	-71.4609
1025.29	-71.4604
1025.4	-71.4592
1025.53	-71.4575
1025.57	-71.457
1025.6	-71.4566
1025.6	-71.4566
1025.63	-71.4563
1025.65	-71.456
1025.67	-71.4557
1025.69	-71.4554
1025.7	-71.4553
1025.72	-71.4551
1025.73	-71.455
1025.75	-71.4547
1025.77	-71.4545
1025.77	-71.4545
1025.78	-71.4543
1025.8	-71.4541
1025.82	-71.4538
1025.84	-71.4536
1025.86	-71.4533
1025.87	-71.4531
1025.89	-71.4529
1025.92	-71.4526
1025.94	-71.4523
1025.96	-71.4521
1025.98	-71.4518
1025.99	-71.4516
1026.02	-71.4513
1026.03	-71.451
1026.05	-71.4508
1026.08	-71.4505
1026.09	-71.4503
1026.11	-71.45
1026.13	-71.4497
1026.15	-71.4495
1026.17	-71.4492
1026.19	-71.449
1026.21	-71.4487
1026.23	-71.4484
1026.25	-71.4482
1026.27	-71.4479
1026.29	-71.4477
1026.31	-71.4474
1026.33	-71.4472
1026.35	-71.4469
1026.37	-71.4466
1026.39	-71.4464
1026.41	-71.4461
1026.43	-71.4458
1026.45	-71.4455
1026.47	-71.4453
1026.49	-71.445
1026.51	-71.4448
1026.53	-71.4445
1026.55	-71.4442
1026.56	-71.444
1026.59	-71.4437
1026.61	-71.4434
1026.63	-71.4432
1026.65	-71.4429
1026.67	-71.4426
1026.69	-71.4424
1026.71	-71.4421
1026.72	-71.4418
1026.75	-71.4415
1026.77	-71.4412
1026.79	-71.441
1026.81	-71.4407
1026.83	-71.4404
1026.85	-71.4401
1026.87	-71.4398
1026.88	-71.4395
1026.91	-71.4391
1026.93	-71.4385
1026.94	-71.4378
1026.97	-71.4363
1026.98	-71.4346
1027	-71.4309
1027.03	-71.4229
1027.04	-71.412
1027.06	-71.3878
1027.08	-71.3384
1027.1	-71.2622
1027.12	-71.0965
1027.14	-70.8154
1027.16	-70.2199
1027.18	-68.9521
1027.2	-66.9244
1027.22	-63.3273
1027.24	-57.458
1027.26	-43.882
1027.27	-22.0631
1027.29	-2.90139
1027.33	5.87788
1027.44	0.259571
1027.65	-28.2211
1027.86	-49.3161
1028.19	-65.601
1028.61	-69.3781
1029.03	-69.2498
1029.22	-69.0535
1029.5	-68.7799
1029.67	-68.6504
1029.86	-68.5356
1030.14	-68.422
1030.52	-68.3537
1030.78	-68.3493
1030.92	-68.3579
1031.63	-68.4787
1032.21	-68.6205
1032.52	-68.6963
1033.06	-68.8443
1034.14	-69.1118
1035.15	-69.3488
1036.77	-69.6902
1037.1	-69.7561
1037.65	-69.8599
1037.87	-69.9005
1038.58	-70.0275
1039.49	-70.1799
1039.8	-70.2284
1040.85	-70.3873
1041.64	-70.4957
1042.69	-70.6307
1043.88	-70.7646
1044.33	-70.8152
1044.59	-70.8418
1045.25	-70.9067
1045.85	-70.9617
1046.73	-71.0362
1047.27	-71.0789
1047.64	-71.1057
1048.62	-71.1721
1049.23	-71.2139
1049.87	-71.2515
1050.1	-71.2639
1050.2	-71.2696
1050.48	-71.2844
1050.8	-71.3006
1051.04	-71.3115
1051.55	-71.3366
1052.05	-71.3583
1052.81	-71.389
1053.48	-71.4128
1053.88	-71.4259
1054.25	-71.4375
1054.56	-71.4466
1054.71	-71.4509
1054.8	-71.4535
1054.85	-71.4547
1054.88	-71.4555
1054.9	-71.4562
1054.93	-71.4569
1054.95	-71.4574
1054.97	-71.4579
1054.99	-71.4584
1055.01	-71.4589
1055.02	-71.4595
1055.04	-71.4599
1055.06	-71.4605
1055.08	-71.461
1055.1	-71.4615
1055.12	-71.462
1055.14	-71.4626
1055.16	-71.463
1055.19	-71.4637
1055.21	-71.4642
1055.22	-71.4646
1055.25	-71.4652
1055.26	-71.4657
1055.29	-71.4662
1055.31	-71.4668
1055.33	-71.4672
1055.35	-71.4678
1055.37	-71.4683
1055.39	-71.4687
1055.41	-71.4692
1055.42	-71.4696
1055.45	-71.4701
1055.47	-71.4707
1055.47	-71.4708
1055.49	-71.4711
1055.51	-71.4716
1055.53	-71.4721
1055.54	-71.4725
1055.56	-71.4729
1055.58	-71.4733
1055.6	-71.4739
1055.62	-71.4743
1055.64	-71.4748
1055.66	-71.4753
1055.68	-71.4758
1055.7	-71.4763
1055.72	-71.4767
1055.74	-71.4771
1055.76	-71.4776
1055.78	-71.4781
1055.8	-71.4785
1055.82	-71.479
1055.84	-71.4794
1055.86	-71.4799
1055.88	-71.4804
1055.9	-71.4808
1055.92	-71.4813
1055.94	-71.4817
1055.96	-71.4821
1055.98	-71.4826
1056	-71.483
1056.02	-71.4835
1056.04	-71.4839
1056.06	-71.4843
1056.08	-71.4848
1056.1	-71.4852
1056.12	-71.4856
1056.14	-71.486
1056.16	-71.4864
1056.18	-71.4868
1056.2	-71.4871
1056.22	-71.4874
1056.24	-71.4876
1056.26	-71.4875
1056.28	-71.4869
1056.3	-71.4858
1056.32	-71.4829
1056.34	-71.4763
1056.36	-71.4666
1056.38	-71.4441
1056.4	-71.4059
1056.42	-71.3289
1056.44	-71.1679
1056.46	-70.8772
1056.48	-70.2659
1056.5	-69.2
1056.52	-67.627
1056.54	-64.2164
1056.56	-58.606
1056.58	-45.9735
1056.6	-21.894
1056.61	-2.76844
1056.65	5.56022
1056.76	-0.257899
1056.97	-28.5411
1057.18	-49.2478
1057.52	-65.5137
1057.83	-68.6681
1058.19	-68.8761
1058.55	-68.4857
1058.76	-68.2751
1059.05	-68.0375
1059.46	-67.8385
1059.73	-67.7847
1060.6	-67.8622
1060.94	-67.9491
1061.71	-68.1827
1062.48	-68.4242
1063.13	-68.6193
1063.83	-68.818
1064.14	-68.9029
1064.25	-68.9307
1065.28	-69.2049
1065.6	-69.2855
1065.89	-69.3569
1066.54	-69.5112
1067.13	-69.6456
1068.36	-69.9065
1069.04	-70.0411
1069.82	-70.1849
1070.24	-70.2597
1070.86	-70.366
1071.32	-70.439
1071.83	-70.5196
1072.19	-70.5729
1072.65	-70.6392
1073.02	-70.6905
1073.29	-70.727
1073.64	-70.7729
1075.86	-71.0309
1076.66	-71.1104
1076.86	-71.1298
1077.44	-71.182
1077.87	-71.2194
1078.19	-71.2452
1078.52	-71.2714
1080.17	-71.388
1080.35	-71.3997
1080.57	-71.4132
1081.15	-71.4468
1081.74	-71.4789
1082.63	-71.522
1083.64	-71.5649
1084.12	-71.5831
1084.92	-71.6103
1085.95	-71.6398
1086.41	-71.6515
1086.98	-71.6643
1088.49	-71.6899
1089.64	-71.7049
1090.59	-71.7128
1091.82	-71.7184
1092.07	-71.719
1092.47	-71.7196
1092.99	-71.7196
1093.28	-71.7193
1093.84	-71.7181
1094.22	-71.7169
1094.78	-71.7144
1095.02	-71.7132
1095.57	-71.7098
1095.96	-71.707
1096.28	-71.7045
1096.8	-71.7
1097.62	-71.692
1097.74	-71.6907
1097.94	-71.6885
1098.25	-71.685
1098.54	-71.6817
1099.18	-71.6737
1099.47	-71.67
1099.69	-71.667
1099.89	-71.6643
1100	-71.6628
1100.05	-71.662
1100.09	-71.6616
1100.11	-71.6612
1100.13	-71.6609
1100.15	-71.6606
1100.17	-71.6603
1100.19	-71.6601
1100.21	-71.6598
1100.23	-71.6595
1100.25	-71.6593
1100.27	-71.659
1100.29	-71.6587
1100.31	-71.6584
1100.33	-71.6581
1100.35	-71.6579
1100.37	-71.6576
1100.39	-71.6573
1100.41	-71.657
1100.43	-71.6567
1100.44	-71.6565
1100.47	-71.6562
1100.49	-71.6559
1100.5	-71.6556
1100.53	-71.6553
1100.54	-71.655
1100.56	-71.6547
1100.59	-71.6544
1100.6	-71.6542
1100.61	-71.6541
1100.62	-71.6539
1100.64	-71.6536
1100.66	-71.6533
1100.68	-71.653
1100.7	-71.6528
1100.72	-71.6525
1100.74	-71.6521
1100.76	-71.6519
1100.78	-71.6515
1100.8	-71.6513
1100.82	-71.651
1100.84	-71.6506
1100.86	-71.6504
1100.88	-71.6501
1100.9	-71.6498
1100.92	-71.6496
1100.94	-71.6492
1100.95	-71.649
1100.98	-71.6487
1101	-71.6483
1101.01	-71.6482
1101.02	-71.648
1101.04	-71.6477
1101.06	-71.6474
1101.08	-71.6471
1101.1	-71.6468
1101.12	-71.6465
1101.14	-71.6462
1101.16	-71.6459
1101.18	-71.6456
1101.2	-71.6453
1101.22	-71.645
1101.24	-71.6447
1101.26	-71.6443
1101.28	-71.6441
1101.3	-71.6438
1101.32	-71.6435
1101.33	-71.6432
1101.36	-71.6428
1101.37	-71.6425
1101.4	-71.6421
1101.42	-71.6417
1101.43	-71.6413
1101.46	-71.6405
1101.47	-71.6396
1101.49	-71.6379
1101.52	-71.635
1101.53	-71.6312
1101.54	-71.6299
1101.55	-71.6225
1101.57	-71.6116
1101.59	-71.5831
1101.61	-71.5256
1101.63	-71.4415
1101.65	-71.2553
1101.67	-70.9302
1101.69	-70.3348
1101.71	-69.1466
1101.73	-67.2293
1101.74	-64.047
1101.76	-58.4328
1101.78	-45.7547
1101.8	-27.8687
1101.81	-5.30496
1101.84	4.40305
1101.93	3.1564
1102.16	-26.7036
1102.46	-55.0394
1102.88	-68.2291
1103.3	-69.5092
1103.57	-69.2992
1103.61	-69.2668
1103.69	-69.1813
1103.73	-69.1328
1103.77	-69.0981
1103.79	-69.0706
1103.83	-69.0397
1103.85	-69.0152
1103.88	-68.991
1103.9	-68.9674
1103.93	-68.9448
1103.95	-68.9198
1103.98	-68.8976
1104.01	-68.8762
1104.03	-68.8575
1104.06	-68.8351
1104.08	-68.8186
1104.1	-68.8024
1104.13	-68.7822
1104.15	-68.7671
1104.17	-68.7478
1104.2	-68.7331
1104.22	-68.7189
1104.24	-68.7051
1104.27	-68.6885
1104.28	-68.679
1104.29	-68.6744
1104.31	-68.6626
1104.34	-68.6478
1104.36	-68.6354
1104.39	-68.6252
1104.41	-68.613
1104.43	-68.6021
1104.46	-68.5915
1104.48	-68.5815
1104.5	-68.5718
1104.53	-68.5627
1104.54	-68.559
1104.55	-68.5535
1104.58	-68.5434
1104.61	-68.5347
1104.63	-68.5282
1104.65	-68.5225
1104.67	-68.5148
1104.7	-68.5087
1104.72	-68.5029
1104.74	-68.4975
1104.77	-68.4924
1104.79	-68.4876
1104.81	-68.4832
1104.83	-68.4791
1104.86	-68.4754
1104.88	-68.4719
1104.9	-68.4687
1104.93	-68.4659
1104.95	-68.4633
1104.97	-68.461
1105	-68.4588
1105.02	-68.4571
1105.04	-68.4557
1105.07	-68.4543
1105.09	-68.4533
1105.12	-68.4526
1105.14	-68.4521
1105.16	-68.4517
1105.18	-68.4514
1105.2	-68.451
1105.23	-68.4502
1105.25	-68.4485
1105.27	-68.4447
1105.29	-68.4368
1105.32	-68.4207
1105.34	-68.3887
1105.36	-68.3255
1105.38	-68.201
1105.41	-67.9584
1105.43	-67.4928
1105.45	-66.582
1105.47	-64.7968
1105.49	-61.4273
1105.52	-54.8698
1105.54	-41.0508
1105.56	-13.7435
1105.59	0.0436441
1105.67	0.125825
1105.85	-24.3841
1106.04	-44.1526
1106.29	-59.3535
1106.36	-61.7074
1106.89	-66.4857
1107.3	-66.0445
1107.72	-65.3802
1108.13	-64.9077
1108.56	-64.624
1109.12	-64.5839
1109.37	-64.6372
1109.57	-64.7476
1110	-65.0309
1110.25	-65.2008
1110.45	-65.3372
1110.92	-65.6258
1111.42	-65.8932
1112.17	-66.2448
1112.44	-66.3681
1113.09	-66.6544
1113.54	-66.8517
1113.95	-67.0265
1114.39	-67.2116
1114.64	-67.3158
1115.02	-67.4669
1115.27	-67.5671
1115.45	-67.6384
1115.91	-67.8134
1116.46	-68.0189
1116.66	-68.0921
1116.97	-68.2062
1117.18	-68.2782
1117.31	-68.325
1117.47	-68.3797
1117.51	-68.3941
1117.57	-68.4141
1117.61	-68.4279
1117.64	-68.4381
1117.66	-68.4465
1117.69	-68.4549
1117.71	-68.463
1117.73	-68.4706
1117.75	-68.4781
1117.78	-68.4863
1117.8	-68.494
1117.82	-68.5017
1117.85	-68.5094
1117.87	-68.5171
1117.89	-68.5248
1117.92	-68.5324
1117.94	-68.5401
1117.96	-68.5486
1117.99	-68.5562
1118.01	-68.5646
1118.03	-68.5714
1118.04	-68.5729
1118.05	-68.5783
1118.08	-68.5862
1118.1	-68.594
1118.12	-68.6013
1118.14	-68.6084
1118.17	-68.6161
1118.19	-68.6237
1118.21	-68.6314
1118.24	-68.639
1118.26	-68.6461
1118.28	-68.653
1118.3	-68.6598
1118.32	-68.6667
1118.35	-68.6755
1118.36	-68.6788
1118.37	-68.6834
1118.4	-68.691
1118.42	-68.6986
1118.44	-68.7068
1118.46	-68.713
1118.48	-68.7197
1118.51	-68.727
1118.51	-68.7284
1118.53	-68.7335
1118.55	-68.7415
1118.57	-68.7482
1118.59	-68.7549
1118.62	-68.763
1118.64	-68.7693
1118.66	-68.7755
1118.68	-68.7821
1118.7	-68.7895
1118.72	-68.7966
1118.75	-68.8037
1118.77	-68.8108
1118.79	-68.8178
1118.81	-68.8249
1118.83	-68.8319
1118.86	-68.839
1118.88	-68.8461
1118.9	-68.8534
1118.92	-68.8604
1118.95	-68.8673
1118.97	-68.8742
1118.99	-68.8809
1119.01	-68.8876
1119.03	-68.894
1119.06	-68.8998
1119.08	-68.9046
1119.1	-68.9074
1119.12	-68.9063
1119.15	-68.8974
1119.17	-68.8735
1119.19	-68.8202
1119.21	-68.7082
1119.23	-68.4827
1119.26	-68.0401
1119.28	-67.1565
1119.3	-65.3961
1119.32	-62.0303
1119.34	-55.376
1119.37	-41.6257
1119.39	-16.1359
1119.41	0.314106
1119.47	2.83815
1119.64	-17.8349
1119.82	-39.1526
1120.16	-60.7184
1120.44	-65.7851
1120.8	-66.6004
1121.17	-66.1283
1121.3	-65.922
1121.89	-65.2112
1121.96	-65.1572
1122.59	-64.9238
1123.18	-65.0635
1123.44	-65.1929
1124.24	-65.6745
1124.59	-65.8737
1124.82	-66.0034
1125.33	-66.2677
1126.02	-66.5953
1126.75	-66.9303
1127.36	-67.203
1127.53	-67.2774
1128.01	-67.4835
1128.17	-67.5507
1128.36	-67.6283
1129.1	-67.9315
1129.93	-68.2521
1130.83	-68.5839
1131.12	-68.6888
1131.63	-68.8634
1132.71	-69.2179
1133.98	-69.605
1134.41	-69.7272
1134.9	-69.8596
1135.83	-70.1059
1135.93	-70.1301
1136.81	-70.3453
1137.89	-70.586
1138.81	-70.7771
1139.99	-70.999
1140.39	-71.0641
1141.04	-71.1787
1142.1	-71.3415
1142.9	-71.454
1143.37	-71.5159
1144.28	-71.6272
1144.89	-71.6954
1146.32	-71.8382
1146.84	-71.8834
1147.24	-71.9169
1148	-71.9759
1148.77	-72.029
1149.83	-72.0933
1150.62	-72.1347
1152.66	-72.2184
1153.02	-72.2301
1155.21	-72.2821
1158.05	-72.3097
1160.46	-72.3048
1161.79	-72.2933
1166.62	-72.2132
1168.13	-72.1789
1169.17	-72.1534
1169.9	-72.1347
1171.67	-72.0874
1172.87	-72.0539
1175.89	-71.9662
1177.33	-71.9231
1178.37	-71.8918
1178.77	-71.8799
1180.57	-71.8256
1181.78	-71.7892
1183.97	-71.7237
1184.68	-71.7029
1187.18	-71.63
1190.06	-71.5488
1190.33	-71.5413
1191.34	-71.5137
1193.05	-71.4675
1194.35	-71.4335
1195.79	-71.3965
1197.97	-71.3425
1198.45	-71.3308
1199.04	-71.3168
1200.65	-71.279
1201.55	-71.2583
1202.38	-71.2396
1203.78	-71.2088
1205.57	-71.1711
1205.95	-71.1631
1206.89	-71.1439
1207.58	-71.1302
1207.92	-71.125
1208.35	-71.1148
1209.67	-71.0894
1210.54	-71.0731
1212.1	-71.0446
1214.55	-71.002
1215.05	-70.9936
1216.12	-70.976
1216.88	-70.9637
1217.98	-70.9465
1218.71	-70.9351
1219.13	-70.9288
1219.81	-70.9187
1220.48	-70.9088
1221.16	-70.899
1222.27	-70.8834
1223.89	-70.8613
1225.82	-70.8362
1227.12	-70.8201
1228.04	-70.809
1230.37	-70.782
1231.86	-70.7657
1232.29	-70.7611
1232.83	-70.7555
1233.74	-70.746
1234.52	-70.7381
1235.68	-70.7267
1236.08	-70.7229
1236.52	-70.7187
1237.75	-70.7072
1238.75	-70.6983
1239.59	-70.6909
1240.21	-70.6856
1241.19	-70.6773
1241.91	-70.6714
1242.83	-70.6641
1244.01	-70.6549
1244.79	-70.6491
1245.33	-70.6451
1246.03	-70.64
1246.74	-70.635
1247.44	-70.6301
1247.96	-70.6265
1248.48	-70.623
1248.77	-70.6211
1249.08	-70.6191
1249.6	-70.6157
1250.12	-70.6123
1250.83	-70.6079
1251.09	-70.6064
1251.53	-70.6035
1252.26	-70.5991
1252.96	-70.595
1253.72	-70.5907
1254.47	-70.5864
1255.13	-70.5828
1256.13	-70.5774
1256.89	-70.5734
1257.41	-70.5708
1258.47	-70.5654
1259.06	-70.5626
1259.43	-70.5608
1260.49	-70.5558
1261.31	-70.5521
1262.49	-70.5468
1263.75	-70.5415
1264.35	-70.539
1265.16	-70.5358
1265.86	-70.533
1266.47	-70.5306
1267.6	-70.5263
1267.95	-70.5251
1268.19	-70.5242
1268.79	-70.522
1269.15	-70.5207
1269.74	-70.5187
1270.25	-70.517
1270.67	-70.5155
1271.11	-70.5141
1271.51	-70.5129
1272.53	-70.5095
1273.57	-70.5063
1274.93	-70.5022
1276.7	-70.4972
1278.07	-70.4936
1280.43	-70.4876
1280.83	-70.4866
1281.57	-70.4849
1282.89	-70.4819
1283.32	-70.4809
1283.64	-70.4802
1284.66	-70.478
1285.89	-70.4755
1286.8	-70.4737
1286.94	-70.4734
1287.63	-70.472
1289.34	-70.4689
1290.26	-70.4673
1291.86	-70.4645
1294.28	-70.4607
1295.76	-70.4585
1296.23	-70.4579
1297.37	-70.4563
1298.6	-70.4547
1300.31	-70.4525
1301.25	-70.4514
1302.41	-70.45
1304.94	-70.4473
1305.61	-70.4466
1307.03	-70.4452
1307.92	-70.4443
1308.55	-70.4437
1309.37	-70.443
1310.62	-70.4419
1311.47	-70.4412
1312.63	-70.4403
1313.74	-70.4394
1314.68	-70.4387
1317.55	-70.4367
1320.8	-70.4347
1321.15	-70.4345
1322.11	-70.434
1322.57	-70.4337
1322.84	-70.4336
1322.94	-70.4335
1323.38	-70.4333
1323.73	-70.4331
1324.54	-70.4327
1326.06	-70.4319
1326.66	-70.4316
1328.18	-70.431
1329.42	-70.4304
1330.44	-70.43
1331.33	-70.4296
1332.79	-70.4291
1333.54	-70.4288
1334.71	-70.4284
1336.21	-70.4279
1336.45	-70.4278
1337.23	-70.4276
1337.58	-70.4275
1338.59	-70.4272
1338.82	-70.4271
1339.5	-70.4269
1340.35	-70.4267
1341.38	-70.4264
1342.14	-70.4262
1344.54	-70.4256
1345.29	-70.4254
1345.99	-70.4252
1346.38	-70.4252
1347.01	-70.425
1348.25	-70.4248
1349.25	-70.4246
1349.79	-70.4245
1352.17	-70.424
1352.8	-70.4239
1353.5	-70.4238
1354.07	-70.4237
1354.67	-70.4236
1354.97	-70.4236
1355.62	-70.4235
1356.28	-70.4234
1357.85	-70.4232
1358.93	-70.423
1361.3	-70.4227
1363.62	-70.4225
1367.24	-70.4221
1367.46	-70.4221
1368.26	-70.422
1368.57	-70.422
1368.99	-70.4219
1370.82	-70.4218
1371.9	-70.4217
1372.83	-70.4216
1373.79	-70.4216
1374.38	-70.4215
1375.45	-70.4214
1376.95	-70.4213
1377.97	-70.4213
1380.63	-70.4211
1382.35	-70.4211
1383.79	-70.421
1385.07	-70.4209
1385.27	-70.4209
1385.97	-70.4209
1386.22	-70.4209
1386.97	-70.4209
1387.78	-70.4208
1388.35	-70.4208
1389.02	-70.4208
1389.38	-70.4208
1390.09	-70.4207
1390.8	-70.4207
1391.5	-70.4207
1392.05	-70.4207
1393.39	-70.4206
1394.07	-70.4206
1397.25	-70.4205
1398.07	-70.4205
1400.46	-70.4205
1400.98	-70.4204
1401.68	-70.4204
1403.58	-70.4204
1404.41	-70.4204
1404.86	-70.4204
1405.76	-70.4204
1406.75	-70.4203
1407.12	-70.4203
1407.69	-70.4203
1408.73	-70.4203
1409.37	-70.4203
1410.03	-70.4203
1411.39	-70.4203
1412.54	-70.4203
1413.96	-70.4202
1414.38	-70.4202
1414.91	-70.4202
1416.13	-70.4202
1417.16	-70.4202
1418.08	-70.4202
1418.87	-70.4202
1419.88	-70.4202
1420.69	-70.4202
1421.76	-70.4202
1422.15	-70.4202
1423.06	-70.4202
1424.16	-70.4202
1425.22	-70.4201
1426.21	-70.4201
1427.65	-70.4201
1427.99	-70.4201
1428.35	-70.4201
1428.78	-70.4201
1429.3	-70.4201
1430.31	-70.4201
1431.32	-70.4201
1432.33	-70.4201
1432.72	-70.4201
1433.39	-70.4201
1433.87	-70.4201
1434.98	-70.4201
1435.34	-70.4201
1435.69	-70.4201
1436.66	-70.4201
1437.5	-70.4201
1438.17	-70.4201
1438.67	-70.4201
1439.6	-70.4201
1440.27	-70.4201
1441.43	-70.4201
1441.74	-70.4201
1442.39	-70.4201
1443.14	-70.4201
1443.41	-70.4201
1444.11	-70.4201
1444.6	-70.4201
1445.32	-70.4201
1445.63	-70.4201
1446.94	-70.4201
1447.71	-70.4201
1448.4	-70.4201
1448.69	-70.4201
1449.63	-70.4201
1449.87	-70.4201
1450.55	-70.4201
1450.98	-70.4201
1452.41	-70.4201
1453.71	-70.4201
1453.96	-70.4201
1454.33	-70.4201
1454.67	-70.4201
1455.31	-70.4201
1456.21	-70.4201
1456.85	-70.4201
1458.1	-70.4201
1458.66	-70.4201
1460.26	-70.4201
1460.59	-70.4201
1461.23	-70.4201
1461.77	-70.4201
1462.26	-70.4201
1462.94	-70.4201
1463.03	-70.4201
1463.32	-70.4201
1463.82	-70.4201
1464.28	-70.4201
1464.97	-70.4201
1465	-70.4201
1465.19	-70.4201
1465.58	-70.4201
1466.21	-70.4201
1466.81	-70.4201
1467.29	-70.4201
1467.74	-70.4201
1468.2	-70.4201
1468.47	-70.4201
1468.74	-70.4201
1469.35	-70.4201
1469.92	-70.4201
1470.66	-70.4201
1471.48	-70.4201
1471.81	-70.4201
1472.04	-70.4201
1472.65	-70.4201
1473.17	-70.4201
1473.64	-70.4201
1474.36	-70.4201
1475.08	-70.4201
1475.49	-70.4201
1475.91	-70.4201
1476.71	-70.4201
1477.6	-70.4201
1477.77	-70.4201
1478.1	-70.4201
1478.92	-70.4201
1479.23	-70.4201
1479.44	-70.4201
1479.52	-70.4201
1479.64	-70.4201
1480.14	-70.4201
1480.37	-70.4201
1481.05	-70.4201
1481.47	-70.4201
1481.9	-70.4201
1482.38	-70.4201
1482.73	-70.4201
1482.95	-70.4201
1483.42	-70.4201
1484.05	-70.4201
1484.87	-70.4201
1485.14	-70.4201
1485.95	-70.4201
1486.16	-70.4201
1486.45	-70.4201
1486.73	-70.4201
1487.54	-70.4201
1488.09	-70.4201
1488.48	-70.4201
1488.67	-70.4201
1489.16	-70.4201
1489.83	-70.4201
1490.33	-70.4201
1490.58	-70.4201
1490.85	-70.4201
1491.23	-70.4201
1491.69	-70.4201
1491.9	-70.4201
1492.84	-70.4201
1493.03	-70.4201
1493.29	-70.4201
1493.46	-70.4201
1493.57	-70.4201
1493.62	-70.4201
1493.65	-70.4201
1493.68	-70.4201
1493.71	-70.4201
1493.73	-70.4201
1493.75	-70.4201
1493.77	-70.4201
1493.78	-70.4201
1493.81	-70.4201
1493.83	-70.4201
1493.85	-70.4201
1493.87	-70.4201
1493.89	-70.4201
1493.91	-70.4201
1493.93	-70.4201
1493.95	-70.4201
1493.98	-70.4201
1493.99	-70.4201
1494.02	-70.4201
1494.04	-70.4201
1494.06	-70.4201
1494.08	-70.4201
1494.1	-70.4201
1494.12	-70.4201
1494.14	-70.4201
1494.17	-70.4201
1494.18	-70.4201
1494.21	-70.4201
1494.23	-70.4201
1494.25	-70.4201
1494.27	-70.4201
1494.29	-70.4201
1494.31	-70.4201
1494.33	-70.4201
1494.35	-70.4201
1494.38	-70.4201
1494.39	-70.4201
1494.42	-70.4201
1494.44	-70.4201
1494.46	-70.4201
1494.48	-70.4201
1494.5	-70.4201
1494.52	-70.4201
1494.54	-70.4201
1494.57	-70.4201
1494.58	-70.4201
1494.61	-70.4201
1494.63	-70.4201
1494.65	-70.4201
1494.67	-70.4201
1494.69	-70.4201
1494.71	-70.4201
1494.73	-70.4201
1494.75	-70.4201
1494.78	-70.4201
1494.79	-70.4201
1494.82	-70.42
1494.84	-70.42
1494.86	-70.42
1494.87	-70.42
1494.88	-70.42
1494.89	-70.42
1494.91	-70.4199
1494.93	-70.4198
1494.95	-70.4196
1494.97	-70.4192
1494.99	-70.4185
1495.01	-70.4174
1495.03	-70.4146
1495.04	-70.4105
1495.07	-70.401
1495.09	-70.3808
1495.1	-70.351
1495.13	-70.274
1495.15	-70.1312
1495.17	-69.8944
1495.19	-69.3539
1495.21	-68.3589
1495.23	-66.5419
1495.25	-62.5518
1495.27	-55.6521
1495.29	-41.7232
1495.3	-17.1647
1495.32	-1.05065
1495.36	5.69164
1495.47	-1.28617
1495.7	-31.8157
1495.89	-49.7746
1496.22	-65.649
1496.55	-69.0475
1496.98	-69.1487
1497.62	-68.4412
1498.46	-68.0119
1498.65	-67.9848
1499.03	-67.98
1499.39	-68.021
1499.6	-68.0592
1500.36	-68.2325
1500.74	-68.3287
1501.77	-68.5807
1502.09	-68.6554
1502.93	-68.8428
1503.71	-69.0086
1504.6	-69.1861
1505.06	-69.2733
1505.82	-69.4134
1506.31	-69.4985
1507.04	-69.6199
1507.39	-69.6763
1507.73	-69.7299
1508.72	-69.8768
1508.83	-69.8927
1509.65	-70.0051
1510.12	-70.0654
1510.78	-70.1473
1511.36	-70.2161
1511.81	-70.2669
1512.04	-70.2919
1512.28	-70.3174
1513.15	-70.407
1513.49	-70.4392
1514.04	-70.4902
1514.87	-70.5634
1515.3	-70.5982
1515.49	-70.6097
1516.03	-70.655
1516.43	-70.685
1517.67	-70.7689
1518.25	-70.8047
1518.99	-70.8474
1519.41	-70.8699
1519.54	-70.8766
1519.88	-70.8939
1521.11	-70.9513
1521.81	-70.9806
1523.01	-71.0247
1523.47	-71.0401
1524.96	-71.0832
1525.61	-71.0991
1527.25	-71.1334
1527.49	-71.1376
1527.85	-71.1437
1528.45	-71.153
1529.06	-71.1612
1530.05	-71.1725
1530.65	-71.1779
1531.33	-71.1835
1531.98	-71.1876
1532.88	-71.1918
1533.28	-71.1932
1533.94	-71.1948
1534.47	-71.1956
1535.17	-71.1959
1535.27	-71.1958
1535.85	-71.1954
1536.07	-71.1951
1536.43	-71.1945
1536.76	-71.1937
1537.3	-71.1922
1537.67	-71.1909
1538.25	-71.1886
1538.45	-71.1878
1539.11	-71.1845
1539.65	-71.1816
1540.03	-71.1793
1540.78	-71.1744
1541.31	-71.1706
1542.12	-71.1646
1542.55	-71.1611
1543.01	-71.1572
1543.39	-71.154
1543.8	-71.1503
1543.99	-71.1488
1544.34	-71.1454
1544.78	-71.1412
1545.58	-71.1334
1546.15	-71.1276
1546.63	-71.1227
1546.87	-71.1202
1547.09	-71.1179
1547.97	-71.1084
1548.5	-71.1026
1548.82	-71.0991
1549.46	-71.0918
1549.72	-71.0889
1550.03	-71.0854
1550.4	-71.0811
1550.71	-71.0775
1551.05	-71.0736
1551.32	-71.0704
1552.31	-71.0587
1552.79	-71.0531
1553.39	-71.0458
1553.91	-71.0396
1554.57	-71.0316
1554.78	-71.029
1554.99	-71.0266
1555.22	-71.0243
1555.83	-71.0163
1556.12	-71.0128
1556.79	-71.0046
1557.04	-71.0016
1557.37	-70.9976
1557.72	-70.9934
1557.9	-70.9913
1558.93	-70.9787
1559.27	-70.9746
1559.7	-70.9694
1559.94	-70.9665
1560.38	-70.9612
1561.04	-70.9533
1561.32	-70.95
1561.87	-70.9434
1562.93	-70.9308
1563.23	-70.9273
1563.91	-70.9194
1564.49	-70.9126
1565.05	-70.9061
1565.23	-70.9041
1565.72	-70.8984
1566.25	-70.8923
1566.99	-70.884
1567.17	-70.882
1567.74	-70.8756
1568.02	-70.8725
1568.65	-70.8654
1569.2	-70.8594
1569.68	-70.8543
1570.39	-70.8465
1570.85	-70.8416
1571.42	-70.8356
1572.4	-70.8253
1573.15	-70.8176
1573.46	-70.8144
1573.71	-70.812
1574.14	-70.8076
1574.37	-70.8052
1574.85	-70.8004
1575.74	-70.7916
1576.41	-70.7852
1577.01	-70.7793
1577.66	-70.7732
1578.28	-70.7674
1578.74	-70.7631
1580	-70.7516
1580.25	-70.7494
1580.61	-70.7461
1580.92	-70.7434
1581.39	-70.7392
1581.69	-70.7366
1582.2	-70.7322
1582.7	-70.7279
1583.31	-70.7227
1583.72	-70.7194
1584.2	-70.7154
1584.6	-70.7121
1585.2	-70.7072
1585.41	-70.7056
1585.71	-70.7032
1585.82	-70.7023
1585.97	-70.701
1586.1	-70.7001
1586.18	-70.6995
1586.28	-70.6986
1586.36	-70.698
1586.38	-70.6978
1586.41	-70.6976
1586.43	-70.6975
1586.45	-70.6973
1586.47	-70.6972
1586.49	-70.697
1586.51	-70.6969
1586.52	-70.6967
1586.54	-70.6966
1586.56	-70.6964
1586.58	-70.6963
1586.6	-70.6961
1586.62	-70.696
1586.64	-70.6959
1586.65	-70.6957
1586.66	-70.6957
1586.67	-70.6956
1586.69	-70.6954
1586.71	-70.6953
1586.73	-70.6951
1586.75	-70.6949
1586.77	-70.6948
1586.79	-70.6946
1586.81	-70.6945
1586.83	-70.6943
1586.85	-70.6942
1586.87	-70.694
1586.89	-70.6939
1586.91	-70.6937
1586.93	-70.6936
1586.95	-70.6934
1586.97	-70.6932
1586.99	-70.6931
1587.01	-70.6929
1587.03	-70.6928
1587.05	-70.6926
1587.07	-70.6925
1587.09	-70.6923
1587.11	-70.6922
1587.13	-70.692
1587.15	-70.6918
1587.17	-70.6917
1587.19	-70.6915
1587.21	-70.6914
1587.23	-70.6912
1587.25	-70.6911
1587.27	-70.6909
1587.29	-70.6908
1587.31	-70.6906
1587.33	-70.6904
1587.35	-70.6903
1587.37	-70.6901
1587.39	-70.69
1587.41	-70.6898
1587.43	-70.6897
1587.45	-70.6895
1587.47	-70.6894
1587.5	-70.6892
1587.51	-70.6891
1587.53	-70.6889
1587.56	-70.6887
1587.56	-70.6887
1587.58	-70.6886
1587.59	-70.6884
1587.61	-70.6882
1587.63	-70.688
1587.63	-70.688
1587.65	-70.6877
1587.67	-70.6872
1587.69	-70.6866
1587.71	-70.6853
1587.73	-70.6835
1587.75	-70.6804
1587.77	-70.6737
1587.79	-70.6622
1587.81	-70.6342
1587.83	-70.5866
1587.85	-70.5069
1587.87	-70.3131
1587.89	-70.0328
1587.91	-69.3839
1587.92	-68.3901
1587.94	-66.5521
1587.96	-62.2901
1587.98	-54.6584
1588	-41.2339
1588.02	-16.1341
1588.04	-0.148065
1588.08	6.34816
1588.24	-8.69785
1588.28	-14.6863
1588.38	-26.9784
1588.6	-48.9028
1588.97	-66.4367
1589.53	-69.4472
1590.11	-68.8605
1590.28	-68.6995
1591.1	-68.2685
1591.84	-68.2393
1591.99	-68.2572
1592.38	-68.322
1593.01	-68.4634
1593.66	-68.6186
1593.95	-68.6902
1594.19	-68.7446
1594.42	-68.7995
1594.79	-68.8818
1595.28	-68.9907
1595.66	-69.0719
1595.84	-69.1085
1596.07	-69.1577
1596.51	-69.2449
1596.77	-69.2969
1596.82	-69.3075
1596.98	-69.337
1597.07	-69.3545
1597.11	-69.3631
1597.15	-69.3705
1597.18	-69.3762
1597.21	-69.3811
1597.23	-69.3854
1597.25	-69.3895
1597.27	-69.3934
1597.3	-69.3973
1597.32	-69.4012
1597.34	-69.4051
1597.35	-69.407
1597.36	-69.41
1597.38	-69.4137
1597.41	-69.4181
1597.43	-69.4216
1597.44	-69.4251
1597.47	-69.4295
1597.49	-69.4333
1597.51	-69.4372
1597.53	-69.4416
1597.55	-69.4456
1597.57	-69.4492
1597.6	-69.4538
1597.62	-69.4579
1597.64	-69.4616
1597.67	-69.4661
1597.69	-69.4704
1597.71	-69.4737
1597.73	-69.4782
1597.76	-69.4823
1597.78	-69.4861
1597.8	-69.4898
1597.82	-69.4936
1597.84	-69.4973
1597.86	-69.5011
1597.88	-69.5048
1597.9	-69.5085
1597.92	-69.5122
1597.94	-69.5159
1597.96	-69.5197
1597.98	-69.5234
1598	-69.527
1598.01	-69.5279
1598.02	-69.5297
1598.04	-69.5337
1598.05	-69.5358
1598.06	-69.5379
1598.09	-69.5416
1598.11	-69.5452
1598.13	-69.5486
1598.15	-69.5523
1598.17	-69.5557
1598.19	-69.5594
1598.21	-69.563
1598.23	-69.5667
1598.25	-69.5703
1598.27	-69.5739
1598.29	-69.5776
1598.31	-69.5812
1598.33	-69.5848
1598.35	-69.5884
1598.37	-69.592
1598.39	-69.5956
1598.42	-69.5992
1598.44	-69.6027
1598.46	-69.6062
1598.48	-69.6096
1598.5	-69.6129
1598.52	-69.6158
1598.54	-69.6181
1598.56	-69.6192
1598.58	-69.6181
1598.6	-69.6125
1598.62	-69.5983
1598.64	-69.5676
1598.66	-69.505
1598.69	-69.3792
1598.71	-69.1324
1598.73	-68.6585
1598.75	-67.7291
1598.77	-65.8973
1598.79	-62.449
1598.81	-55.7459
1598.83	-41.5315
1598.85	-15.4291
1598.87	-0.145248
1598.93	4.60315
1598.94	4.11031
1599.03	-5.30471
1599.2	-28.0106
1599.44	-50.4494
1599.85	-65.5946
1600.26	-67.2374
1600.39	-67.1437
1600.61	-66.8279
1601.33	-65.8626
1601.63	-65.6213
1602.33	-65.4431
1602.81	-65.5545
1603.1	-65.6751
1603.6	-65.9272
1604.01	-66.1413
1604.67	-66.4526
1604.86	-66.5354
1605.35	-66.7435
1606.09	-67.035
1606.92	-67.3518
1608.01	-67.7469
1608.37	-67.8706
1608.58	-67.9352
1608.79	-68.0135
1609.02	-68.0905
1609.23	-68.1589
1609.56	-68.266
1610.22	-68.4715
1610.33	-68.5008
1610.86	-68.6646
1611.13	-68.7438
1611.91	-68.9643
1612.77	-69.1927
1613.66	-69.4178
1614.21	-69.5481
1614.47	-69.6071
1615.25	-69.7811
1616.24	-69.9878
1616.86	-70.1103
1617.07	-70.1507
1617.96	-70.3111
1618.08	-70.3285
1618.73	-70.4414
1619.28	-70.53
1619.41	-70.5491
1619.83	-70.6127
1620.1	-70.6529
1620.4	-70.6955
1620.76	-70.7461
1620.95	-70.7712
1621.28	-70.8083
1621.81	-70.8828
1622.11	-70.9196
1622.67	-70.9846
1622.99	-71.0203
1623.19	-71.0426
1623.65	-71.0907
1624.06	-71.1322
1624.52	-71.1771
1625.31	-71.2478
1625.59	-71.2714
1625.96	-71.3021
1626.31	-71.3291
1626.66	-71.3556
1627.2	-71.394
1627.89	-71.4398
1628.62	-71.4842
1629.34	-71.5238
1630.07	-71.5596
1630.29	-71.57
1630.64	-71.5855
1631.13	-71.6057
1632.42	-71.6525
1633.08	-71.6726
1633.5	-71.6841
1633.98	-71.6961
1634.81	-71.7143
1635.36	-71.7244
1636.62	-71.7428
1637.39	-71.7509
1637.99	-71.7557
1638.36	-71.7581
1639.56	-71.7625
1639.73	-71.7627
1640.34	-71.763
1641.15	-71.7617
1642.22	-71.7574
1642.49	-71.7559
1642.96	-71.7529
1643.83	-71.7461
1644.22	-71.7426
1644.71	-71.7378
1644.89	-71.7359
1645.08	-71.7338
1645.42	-71.73
1647.1	-71.7085
1648.12	-71.6938
1648.86	-71.6821
1649.32	-71.6746
1650.41	-71.6561
1651.57	-71.6351
1652.12	-71.6249
1652.99	-71.6086
1654.68	-71.5749
1654.88	-71.5708
1655.16	-71.5658
1655.31	-71.5621
1655.57	-71.5567
1656.05	-71.5468
1656.96	-71.5281
1657.11	-71.5256
1657.36	-71.5196
1658.28	-71.5003
1658.94	-71.4863
1659.55	-71.4733
1660.44	-71.4544
1660.88	-71.4448
1661.42	-71.4334
1661.68	-71.4279
1662.24	-71.4159
1662.88	-71.4023
1663.32	-71.393
1663.48	-71.3894
1663.96	-71.3793
1664.64	-71.3648
1665.24	-71.3521
1665.91	-71.3381
1666.2	-71.3321
1666.44	-71.327
1667.25	-71.3103
1667.62	-71.3026
1667.83	-71.2983
1668.29	-71.2887
1668.72	-71.2801
1669.03	-71.2737
1669.5	-71.2641
1670.22	-71.2495
1671.13	-71.2314
1671.88	-71.2166
1672.87	-71.1974
1673.07	-71.1934
1673.7	-71.1814
1674.04	-71.1755
1674.93	-71.1581
1675.35	-71.1503
1675.87	-71.1406
1677.16	-71.1171
1677.66	-71.1082
1678.13	-71.0998
1678.77	-71.0884
1679.46	-71.0764
1679.86	-71.0696
1680.38	-71.0606
1681.08	-71.0488
1681.72	-71.038
1682.41	-71.0266
1683.05	-71.0163
1683.62	-71.0072
1683.95	-71.0024
1684.25	-70.9971
1684.8	-70.9885
1684.92	-70.9867
1685.36	-70.9799
1686.24	-70.9665
1686.42	-70.9637
1686.63	-70.9606
1687.32	-70.9503
1687.43	-70.9486
1687.69	-70.945
1687.8	-70.9433
1687.86	-70.9424
1687.89	-70.942
1687.91	-70.9417
1687.92	-70.9416
1687.93	-70.9414
1687.95	-70.9411
1687.97	-70.9408
1687.99	-70.9405
1688.01	-70.9402
1688.03	-70.9399
1688.05	-70.9396
1688.07	-70.9393
1688.09	-70.9391
1688.11	-70.9388
1688.13	-70.9385
1688.14	-70.9383
1688.16	-70.938
1688.18	-70.9378
1688.2	-70.9375
1688.21	-70.9372
1688.23	-70.937
1688.25	-70.9367
1688.27	-70.9365
1688.29	-70.9362
1688.3	-70.936
1688.32	-70.9357
1688.34	-70.9354
1688.36	-70.9352
1688.38	-70.9349
1688.39	-70.9347
1688.41	-70.9344
1688.43	-70.9342
1688.45	-70.9339
1688.46	-70.9336
1688.48	-70.9334
1688.5	-70.9331
1688.52	-70.9329
1688.54	-70.9326
1688.56	-70.9323
1688.56	-70.9322
1688.58	-70.932
1688.6	-70.9317
1688.61	-70.9315
1688.62	-70.9314
1688.64	-70.9311
1688.66	-70.9308
1688.68	-70.9306
1688.7	-70.9302
1688.72	-70.93
1688.74	-70.9297
1688.75	-70.9295
1688.77	-70.9293
1688.79	-70.9289
1688.81	-70.9286
1688.83	-70.9284
1688.85	-70.9281
1688.87	-70.9279
1688.89	-70.9276
1688.91	-70.9273
1688.93	-70.927
1688.95	-70.9268
1688.96	-70.9265
1688.99	-70.9262
1689.01	-70.9259
1689.02	-70.9257
1689.04	-70.9254
1689.07	-70.925
1689.08	-70.9248
1689.11	-70.9245
1689.13	-70.9242
1689.14	-70.9239
1689.17	-70.9235
1689.19	-70.9231
1689.21	-70.9227
1689.23	-70.922
1689.24	-70.9212
1689.26	-70.9196
1689.28	-70.9169
1689.3	-70.913
1689.32	-70.9033
1689.34	-70.8886
1689.36	-70.8589
1689.38	-70.7984
1689.4	-70.7109
1689.42	-70.4914
1689.44	-70.0819
1689.46	-69.3844
1689.48	-67.7037
1689.5	-64.9939
1689.52	-60.3599
1689.54	-50.079
1689.55	-35.1101
1689.57	-9.81279
1689.59	2.22753
1689.65	6.2852
1689.71	1.65855
1689.79	-8.74361
1689.96	-31.477
1690.01	-36.5746
1690.14	-48.6977
1690.33	-60.8088
1690.54	-66.934
1690.94	-69.579
1691.26	-69.4649
1691.46	-69.2475
1691.61	-69.0877
1691.67	-69.0299
1691.68	-69.0158
1691.72	-68.98
1691.76	-68.9458
1691.78	-68.9256
1691.81	-68.9041
1691.83	-68.8832
1691.85	-68.8629
1691.88	-68.8431
1691.9	-68.8239
1691.93	-68.8052
1691.95	-68.787
1691.97	-68.7717
1692	-68.7529
1692.02	-68.7388
1692.05	-68.7235
1692.07	-68.7081
1692.1	-68.691
1692.12	-68.6757
1692.14	-68.6637
1692.17	-68.6525
1692.19	-68.6387
1692.22	-68.6263
1692.24	-68.6149
1692.26	-68.6027
1692.29	-68.593
1692.31	-68.5842
1692.33	-68.5731
1692.35	-68.5645
1692.37	-68.5568
1692.4	-68.5466
1692.42	-68.5393
1692.45	-68.5309
1692.47	-68.5233
1692.5	-68.5161
1692.52	-68.5093
1692.54	-68.5028
1692.57	-68.4967
1692.59	-68.491
1692.62	-68.4856
1692.64	-68.4809
1692.67	-68.4754
1692.69	-68.4714
1692.71	-68.4675
1692.74	-68.4634
1692.76	-68.4607
1692.78	-68.4581
1692.81	-68.4551
1692.83	-68.4528
1692.85	-68.4504
1692.88	-68.4484
1692.9	-68.4467
1692.92	-68.4452
1692.95	-68.444
1692.96	-68.4436
1692.97	-68.4432
1692.99	-68.4425
1693.01	-68.4419
1693.03	-68.4416
1693.05	-68.4414
1693.08	-68.4414
1693.1	-68.4415
1693.12	-68.4416
1693.15	-68.4416
1693.17	-68.4412
1693.19	-68.4397
1693.21	-68.4358
1693.24	-68.427
1693.26	-68.4082
1693.28	-68.3691
1693.31	-68.2896
1693.33	-68.1285
1693.35	-67.8015
1693.37	-67.1459
1693.4	-65.8535
1693.42	-63.2613
1693.44	-57.9368
1693.47	-47.0348
1693.49	-23.4245
1693.51	-3.15905
1693.55	2.82003
1693.69	-10.5925
1693.8	-25.3028
1693.89	-34.837
1694.13	-54.2699
1694.61	-66.0886
1694.89	-66.5348
1695.11	-66.2956
1695.25	-66.1048
1695.94	-65.02
1696.22	-64.7483
1696.48	-64.5695
1696.7	-64.48
1697.32	-64.5188
1697.85	-64.8146
1698.66	-65.384
1699.21	-65.7026
1699.54	-65.8642
1700.46	-66.2671
1700.68	-66.3636
1700.86	-66.4398
1701.45	-66.6859
1701.9	-66.8727
1703.15	-67.3706
1703.85	-67.6367
1703.98	-67.6859
1704.55	-67.8903
1704.91	-68.015
1705.41	-68.1868
1706.13	-68.4256
1706.99	-68.6928
1707.76	-68.9219
1708.37	-69.0936
1709.41	-69.3727
1710.59	-69.6643
1712.65	-70.1176
1714.7	-70.498
1714.98	-70.5468
1715.98	-70.7061
1717.51	-70.9244
1718.17	-71.0093
1719.49	-71.1629
1721.54	-71.3635
1721.68	-71.3756
1721.94	-71.3973
1722.33	-71.4291
1723.77	-71.5342
1725.25	-71.6234
1726.03	-71.6638
1729.6	-71.7951
1730.7	-71.8204
1731.19	-71.8299
1731.58	-71.8365
1733.21	-71.857
1733.94	-71.8626
1735.8	-71.8684
1736.35	-71.868
1737.48	-71.8644
1737.8	-71.8628
1738.89	-71.8553
1740.43	-71.8403
1741.8	-71.8231
1743.6	-71.7961
1744.72	-71.7771
1746	-71.7537
1748.33	-71.7074
1748.77	-71.6981
1751.5	-71.639
1752.17	-71.624
1752.44	-71.6182
1753.8	-71.5872
1754.65	-71.5678
1755.94	-71.5381
1757.52	-71.5018
1759.78	-71.4499
1760.42	-71.4353
1761.28	-71.4157
1762.65	-71.385
1762.93	-71.3785
1763.37	-71.3687
1764.86	-71.336
1765.76	-71.3163
1766.82	-71.2934
1768.42	-71.2597
1768.87	-71.2503
1769.99	-71.2273
1770.26	-71.2218
1771.18	-71.2032
1771.26	-71.2015
1771.78	-71.1912
1772.63	-71.1745
1773.16	-71.1643
1773.52	-71.1572
1774.14	-71.1454
1774.94	-71.1303
1775.46	-71.1206
1776.65	-71.0988
1777.88	-71.0767
1778.66	-71.0631
1780.19	-71.0369
1780.67	-71.0287
1781.36	-71.0174
1781.8	-71.0102
1782.61	-70.9971
1782.71	-70.9955
1783.51	-70.9828
1783.95	-70.976
1785.4	-70.9538
1786.92	-70.9312
1788.4	-70.9101
1789.04	-70.9011
1790.01	-70.8879
1791.06	-70.8739
1792.43	-70.8562
1792.84	-70.851
1793.91	-70.8376
1795.18	-70.8222
1796.38	-70.8082
1798.46	-70.7848
1800.26	-70.7656
1800.82	-70.7598
1802.07	-70.7471
1803.17	-70.7363
1803.67	-70.7315
1804.65	-70.7223
1805.72	-70.7125
1806.78	-70.7031
1808.45	-70.6887
1810.75	-70.6701
1813.5	-70.6494
1815.9	-70.6325
1816.77	-70.6267
1817.96	-70.6189
1818.73	-70.6141
1821.8	-70.5957
1822.77	-70.5902
1823.57	-70.5858
1828.81	-70.5594
1830.26	-70.5528
1833.29	-70.54
1836.06	-70.5294
1836.52	-70.5276
1837.5	-70.5241
1838.45	-70.5208
1839.58	-70.5169
1841.73	-70.51
1842.7	-70.507
1843.02	-70.5061
1843.61	-70.5043
1844.27	-70.5024
1845.51	-70.4989
1846.62	-70.4959
1847.99	-70.4924
1850.07	-70.4872
1852.92	-70.4808
1855.09	-70.4763
1856.19	-70.4741
1856.88	-70.4728
1858.01	-70.4707
1859.58	-70.4679
1861.33	-70.4649
1861.51	-70.4646
1862.87	-70.4625
1863.77	-70.4611
1864.97	-70.4594
1865.6	-70.4585
1866.55	-70.4571
1867.72	-70.4556
1868.25	-70.4549
1869.28	-70.4536
1869.84	-70.4529
1870.45	-70.4521
1870.55	-70.452
1871.23	-70.4512
1872.24	-70.4501
1873.06	-70.4492
1874.13	-70.448
1874.54	-70.4476
1876.63	-70.4455
1877.69	-70.4445
1879.42	-70.4429
1880.1	-70.4424
1880.75	-70.4418
1880.94	-70.4417
1882.18	-70.4407
1883.31	-70.4398
1883.72	-70.4395
1886.25	-70.4377
1886.66	-70.4374
1887.93	-70.4365
1888.4	-70.4362
1889.71	-70.4354
1890.64	-70.4349
1891.88	-70.4342
1893.56	-70.4333
1893.96	-70.4331
1895.03	-70.4325
1895.94	-70.4321
1896.35	-70.4319
1897.78	-70.4312
1898.32	-70.431
1898.83	-70.4308
1899.48	-70.4305
1900.78	-70.43
1901.83	-70.4296
1902.13	-70.4295
1902.57	-70.4293
1903.67	-70.4289
1904.37	-70.4286
1905.49	-70.4283
1905.93	-70.4281
1906.33	-70.428
1907.11	-70.4277
1907.89	-70.4275
1908.36	-70.4273
1909.16	-70.4271
1910.03	-70.4269
1910.44	-70.4268
1911.1	-70.4266
1911.41	-70.4265
1912.73	-70.4261
1913.2	-70.426
1913.82	-70.4259
1914.84	-70.4256
1915.78	-70.4254
1916.4	-70.4253
1916.75	-70.4252
1917.38	-70.4251
1917.97	-70.4249
1919.1	-70.4247
1920.19	-70.4245
1920.45	-70.4245
1921.59	-70.4243
1922.7	-70.4241
1922.85	-70.424
1923.57	-70.4239
1924.3	-70.4238
1925.08	-70.4237
1926.11	-70.4235
1926.67	-70.4234
1927.38	-70.4233
1927.84	-70.4233
1928.24	-70.4232
1928.83	-70.4231
1929.17	-70.4231
1929.79	-70.423
1931.81	-70.4228
1932.69	-70.4227
1933.95	-70.4225
1935.51	-70.4223
1937.19	-70.4222
1938.85	-70.422
1940.79	-70.4219
1942.96	-70.4217
1945.58	-70.4215
1946.46	-70.4215
1947.23	-70.4214
1948.71	-70.4213
1949.76	-70.4213
1950.36	-70.4212
1950.68	-70.4212
1952.1	-70.4211
1952.44	-70.4211
1953.54	-70.4211
1954.13	-70.421
1954.36	-70.421
1955.52	-70.421
1956.59	-70.4209
1957.96	-70.4209
1959.04	-70.4208
1959.44	-70.4208
1960.83	-70.4208
1961.77	-70.4207
1962.4	-70.4207
1963.47	-70.4207
1964.15	-70.4207
1967.01	-70.4206
1969.48	-70.4205
1971.46	-70.4205
1972.36	-70.4204
1972.79	-70.4204
1973.47	-70.4204
1973.88	-70.4204
1975.19	-70.4204
1976.35	-70.4204
1976.63	-70.4204
1978.05	-70.4203
1978.8	-70.4203
1980.58	-70.4203
1982.07	-70.4203
1983.1	-70.4203
1983.98	-70.4203
1984.21	-70.4203
1984.84	-70.4203
1985.6	-70.4202
1986.86	-70.4202
1987.59	-70.4202
1988.12	-70.4202
1991.22	-70.4202
1992.46	-70.4202
1997.53	-70.4202
2002.55	-70.4201
