label:v(.5)
4229
0	-86
0.00476216	-85.981
0.0357379	-85.8558
0.23909	-85.0451
1.60897	-80.8339
2.42495	-79.1587
3.38958	-77.6712
5.59425	-75.2995
6.54522	-74.7065
7.65906	-74.2321
12.2452	-73.4289
12.8644	-73.3805
15.3725	-72.9132
18.633	-72.6277
19.4636	-72.5002
19.8756	-71.6877
20.4776	-69.2383
21.9829	-63.932
23.9396	-62.422
25.7955	-63.4005
28.8436	-65.8599
33.7204	-68.9976
35.6	-69.8091
36.7183	-70.1584
38.7606	-70.3538
41.2891	-70.6991
44.4789	-71.1927
49.7486	-71.7949
50.0161	-71.6998
50.5062	-71.5147
52.4674	-71.0703
55.6827	-71.4981
56.2923	-71.5774
57.7632	-71.5795
59.8511	-71.3579
61.6202	-71.3321
62.3081	-71.1129
66.0919	-71.187
67.2568	-71.3114
68.1064	-71.3581
68.8884	-71.2853
71.6185	-71.0597
72.131	-70.3339
73.4667	-67.6264
73.8943	-67.1021
75.2023	-66.3276
76.5103	-66.3202
77.1595	-66.4826
79.1543	-67.1881
80.3779	-67.6965
82.0762	-68.3539
82.676	-67.6048
84.0516	-65.147
84.7673	-64.4943
87.0515	-64.5417
90.8556	-66.6817
91.2272	-66.3197
91.5497	-65.6928
92.6635	-63.225
93.7591	-62.3487
94.3101	-62.3137
96.9829	-63.7711
98.5979	-65.0082
102.61	-67.5911
103.397	-67.9894
104.199	-68.1577
104.666	-68.2848
105.242	-68.4605
106.76	-68.7054
107.964	-68.8459
109.959	-69.2011
112.11	-69.6403
114.615	-70.1017
114.809	-70.1325
115.505	-70.2052
115.986	-69.9913
116.862	-69.5827
117.347	-69.3856
118.573	-69.0496
119.377	-68.9399
120.648	-68.7127
121.999	-68.5903
122.757	-68.6054
124.558	-68.7931
125.963	-68.989
126.841	-69.0603
127.362	-69.0219
129.567	-68.8129
130.251	-68.8195
130.507	-68.698
131.013	-68.4342
131.584	-68.1749
133.206	-68.0658
133.725	-68.1423
134.203	-68.0644
134.831	-68.0106
135.083	-67.9941
135.428	-67.9703
135.778	-67.8752
137.37	-67.3935
138.579	-67.3917
139.144	-67.4498
139.451	-67.4817
140.256	-67.3058
141.751	-66.8924
143.032	-66.787
144.614	-66.9719
144.734	-66.9801
145.598	-66.8423
146.642	-66.5439
147.686	-66.3223
148.064	-66.2887
148.343	-66.1334
149.441	-65.7309
150.037	-65.6538
151.764	-65.7771
152.33	-65.7872
153.883	-66.084
154.359	-65.6252
155.8	-63.354
156.81	-62.7581
157.578	-62.7078
158.522	-62.8841
160.724	-63.9802
162.199	-64.8981
162.522	-65.0407
163.062	-65.239
164.189	-65.4408
164.882	-65.4999
166.058	-65.6798
166.426	-65.7566
166.812	-65.8261
167.415	-65.7357
168.031	-64.7716
168.318	-64.2483
168.823	-63.1305
169.378	-62.2807
169.763	-61.8306
171.407	-60.9508
172.213	-61.0315
173.871	-61.7819
175.081	-62.5629
177.886	-64.4402
178.255	-64.6226
178.969	-64.9009
179.577	-65.0952
179.971	-65.2043
181.346	-65.5554
181.939	-64.5704
183.011	-62.1712
183.771	-61.1453
184.883	-60.6767
186.227	-61.1121
186.966	-61.5829
187.5	-61.9329
188.161	-62.3159
188.622	-62.6338
189.277	-63.0194
189.856	-63.2995
190.81	-63.7148
191.454	-63.9262
191.805	-63.7033
192.719	-62.116
193.405	-61.149
193.792	-60.785
194.042	-60.6404
195.101	-60.2142
195.773	-60.133
196.816	-60.3103
198.066	-60.9248
198.996	-61.5418
200.295	-62.4747
203.144	-64.4027
203.901	-64.8466
204.141	-64.9282
204.932	-65.1559
205.217	-65.1938
205.468	-65.2034
206.629	-64.9093
207.232	-64.6525
207.945	-64.4198
208.816	-64.3027
210.189	-64.46
210.66	-64.5691
212.702	-65.164
213.905	-65.5812
214.472	-65.7207
215.175	-64.5693
215.917	-63.1291
217.508	-61.5574
218.593	-61.5525
219.687	-61.9987
220.706	-62.6176
221.409	-61.9559
222.57	-60.4327
223.468	-60.0334
224.843	-60.4462
226.076	-61.3297
226.563	-61.7137
227.577	-62.5155
227.804	-62.6712
228.848	-63.1419
229.793	-63.5076
231.233	-64.1368
231.978	-64.4979
232.372	-64.6908
233.362	-64.9056
233.931	-64.9285
235.169	-65.0551
235.61	-65.1703
236.164	-65.3356
237.079	-65.6227
238.007	-65.7006
238.415	-65.7365
239.674	-65.8618
240.264	-65.8569
240.924	-65.8539
241.699	-65.8451
242.707	-65.7481
243.715	-65.6886
244.198	-65.7026
245.094	-65.7601
245.982	-65.7526
247.042	-65.7761
248.47	-65.9689
250.184	-66.364
252.822	-67.0872
254.067	-67.3921
254.483	-67.3495
255.51	-67.434
256.617	-67.6544
257.429	-67.8365
259.413	-68.2315
260.567	-68.1285
261.009	-68.1459
261.82	-67.956
262.058	-67.9155
263.188	-67.6715
263.591	-67.5425
264.276	-67.1488
265.754	-66.5673
266.876	-66.3778
268.108	-66.3907
268.656	-66.4428
269.898	-66.4565
270.386	-66.4403
271.357	-66.4525
272.458	-66.4806
272.707	-66.4674
273.725	-66.3332
274.275	-66.0756
275.585	-65.7535
275.95	-65.7385
276.816	-65.7532
277.331	-65.7009
278.898	-65.7325
280.265	-65.9887
280.648	-66.0736
281.892	-66.2361
283.102	-66.2964
283.98	-66.3863
284.646	-65.4845
285.831	-63.8868
286.926	-63.3469
287.351	-63.2564
287.545	-63.0465
288.407	-61.0142
289.454	-59.2189
289.853	-58.8988
291.104	-58.8111
291.412	-58.9439
291.994	-59.2747
292.377	-59.5111
293.177	-59.9738
293.929	-60.3649
294.246	-60.5317
294.361	-60.5555
294.884	-59.4849
295.705	-56.9566
296.412	-55.3385
296.98	-54.5891
297.544	-54.281
298.051	-54.2879
298.62	-53.6556
298.952	-53.0995
299.485	-51.5253
299.714	-50.8754
300.241	-49.6813
300.463	-49.3103
300.796	-48.8525
301.614	-48.3853
301.862	-48.314
302.395	-47.7051
302.917	-47.0181
303.647	-46.5085
304.336	-46.7575
305.014	-47.6598
305.687	-48.9678
306.094	-49.8545
306.741	-51.2925
307.047	-51.9338
307.631	-53.0676
308.028	-53.8165
309.41	-55.9927
309.955	-56.7286
310.63	-56.3531
311.328	-55.4811
311.997	-55.0407
312.522	-55.0256
312.858	-55.1081
313.471	-54.4976
314.27	-53.5256
314.525	-53.3158
314.871	-53.1298
315.778	-53.1321
316.096	-53.2779
316.81	-53.8259
317.258	-54.2949
317.795	-55.1554
318.486	-56.2007
319.336	-57.4018
319.764	-57.932
321.2	-59.3675
321.544	-59.672
322.744	-60.7231
324.57	-62.2434
326.892	-63.9417
327.322	-63.7158
328.202	-62.399
328.992	-61.4915
329.255	-61.2921
329.799	-61.004
330.439	-60.8005
330.67	-60.7404
331.593	-60.5551
332.025	-60.5269
332.999	-60.6503
333.734	-60.8589
334.089	-60.9588
334.515	-61.0742
334.797	-61.1529
335.113	-61.2443
336.522	-61.5233
337.956	-61.8713
338.404	-62.026
341	-63.1473
341.317	-63.2679
341.914	-63.4795
342.665	-63.7001
343.467	-63.8679
343.634	-63.8641
343.924	-63.8218
344.987	-63.8087
345.243	-63.815
345.875	-63.8396
346.632	-63.7396
347.271	-63.6773
348.053	-63.593
348.298	-63.3718
348.82	-62.3802
349.493	-61.1751
349.673	-60.9121
350.069	-60.4081
350.434	-60.0272
350.672	-59.8164
350.908	-59.6486
351.595	-59.2452
352.278	-59.0452
352.638	-59.0193
353.456	-59.0377
353.994	-59.0698
354.109	-59.0841
354.803	-59.231
354.999	-59.0941
355.365	-58.4108
355.919	-57.1635
356.437	-56.181
357.125	-55.3748
357.703	-55.0905
358.086	-55.0321
358.595	-55.0687
359.478	-55.3469
360.428	-55.8493
361.233	-56.4178
361.849	-56.9179
362.459	-57.5061
363.074	-58.1054
363.674	-58.6553
364.432	-59.2333
364.854	-59.5086
365.758	-60.0727
366.603	-60.5846
367.762	-61.2061
368.344	-61.5059
369.27	-61.9777
369.491	-62.0899
369.945	-61.7479
370.396	-60.9543
371.5	-59.1493
371.796	-58.8265
372.549	-58.2869
373.085	-58.0803
373.406	-58.0152
373.918	-58.019
375.198	-58.3874
375.946	-58.7694
376.314	-58.9856
376.764	-59.2559
377.727	-59.7623
378.981	-60.3127
379.752	-60.688
380.37	-61.0149
380.805	-61.2472
381.112	-61.4088
382.175	-61.9102
382.517	-62.0548
382.836	-62.1849
383.415	-62.4021
383.727	-62.4997
384.064	-62.5822
384.662	-62.6577
386.294	-62.6482
386.537	-62.6356
386.666	-62.6261
386.891	-62.6121
387.261	-62.5844
387.7	-62.46
388.011	-62.3026
388.482	-62.0231
388.555	-61.9775
389.582	-61.3722
390.477	-61.17
390.699	-61.1534
391.109	-61.1424
391.408	-61.131
391.984	-61.0685
392.287	-61.0266
393.507	-60.9148
394.25	-59.7599
394.972	-58.2946
395.257	-57.8546
395.899	-57.2585
397.125	-56.9754
398.517	-57.4242
399.077	-57.7362
399.428	-57.4873
399.929	-56.552
400.44	-55.5573
401.068	-54.6199
401.376	-54.3349
402.045	-54.0659
402.231	-54.0431
402.45	-54.0371
402.516	-54.0383
403.109	-53.272
403.483	-52.4234
403.863	-51.7108
404.322	-50.9673
404.57	-50.6074
405.065	-49.9684
405.275	-49.7333
405.691	-49.33
406.069	-49.0458
406.708	-48.7964
407.007	-48.8077
407.355	-49.1019
407.852	-49.7811
408.648	-50.6877
409.122	-51.0624
409.479	-51.3061
410.493	-52.0323
410.881	-52.504
411.098	-52.7373
411.679	-52.1927
411.918	-51.7605
412.755	-50.2785
413.573	-49.3633
414.406	-49.2216
414.75	-49.3743
414.983	-49.5339
415.379	-49.882
415.715	-50.3169
416.174	-50.9685
416.446	-51.2812
417.142	-51.8489
417.615	-52.1264
417.861	-52.2624
418.33	-52.542
419.189	-53.1948
419.575	-53.5346
420	-54.0195
420.77	-54.9181
421.856	-56.001
422.485	-56.5868
423.079	-57.1247
423.774	-57.7334
424.537	-58.4212
424.805	-58.3153
425.245	-57.5428
425.795	-56.5022
426.627	-55.2668
427.263	-54.7185
428.133	-54.5113
429.003	-54.7907
430.212	-55.6626
430.571	-55.9787
431.381	-56.6903
432.145	-57.2785
432.46	-57.5082
433.056	-57.9402
433.835	-57.2015
434.525	-56.2187
435.07	-55.6855
435.545	-55.5387
435.86	-55.4962
436.415	-54.668
436.97	-53.5925
437.822	-52.3068
438.283	-51.9191
438.709	-51.7725
439.157	-51.7872
439.708	-52.0274
440.074	-52.2595
440.205	-52.3792
440.726	-52.2542
441.333	-51.3109
441.674	-50.6917
441.964	-50.1733
442.319	-49.628
442.882	-49.1918
443.901	-49.1804
444.109	-49.2346
444.559	-48.8685
445.291	-48.0099
445.64	-47.768
445.954	-47.6888
446.178	-47.6661
446.592	-47.8755
446.802	-47.864
447.101	-47.5691
448.032	-45.6159
448.669	-44.0041
448.789	-43.6926
448.915	-43.3659
449.43	-42.063
449.745	-41.3773
450.039	-40.7912
450.365	-40.2553
450.657	-39.7112
451.099	-38.6798
451.273	-38.1013
451.622	-36.0876
451.882	-33.3836
451.972	-32.0095
452.234	-25.2491
452.336	-19.3174
452.375	-15.6869
452.405	-12.6231
452.417	-11.3092
452.426	-10.445
452.447	-8.39658
452.466	-6.7312
452.487	-5.17856
452.507	-4.0256
452.525	-3.35716
452.546	-2.95668
452.569	-2.98494
452.587	-3.30943
452.609	-4.00989
452.631	-4.94374
452.647	-5.7772
452.669	-7.05774
452.687	-8.09981
452.704	-9.17035
452.725	-10.5131
452.744	-11.678
452.764	-12.8847
452.786	-14.1122
452.803	-15.0628
452.825	-16.1865
452.842	-17.0467
452.859	-17.8662
452.881	-18.8283
452.901	-19.6802
452.92	-20.4268
452.942	-21.2543
452.962	-21.9276
452.981	-22.5511
453.003	-23.1851
453.021	-23.6878
453.042	-24.2237
453.064	-24.7459
453.083	-25.1641
453.103	-25.5793
453.12	-25.9073
453.137	-26.2175
453.159	-26.6024
453.179	-26.9259
453.198	-27.2101
453.219	-27.5188
453.238	-27.7799
453.258	-28.0253
453.279	-28.2843
453.298	-28.4924
453.318	-28.7104
453.339	-28.9285
453.357	-29.0945
453.378	-29.2924
453.399	-29.4752
453.417	-29.6188
453.438	-29.7868
453.459	-29.9401
453.477	-30.0647
453.499	-30.2084
453.519	-30.3371
453.537	-30.4477
453.559	-30.5725
453.579	-30.6822
453.598	-30.7816
453.606	-30.8232
453.619	-30.8889
453.635	-30.97
453.656	-31.0671
453.678	-31.1627
453.695	-31.236
453.715	-31.3176
453.736	-31.397
453.754	-31.4616
453.776	-31.536
453.796	-31.6022
453.814	-31.6585
453.836	-31.7213
453.856	-31.7755
453.874	-31.8239
453.896	-31.876
453.915	-31.9198
453.935	-31.9604
453.956	-32.0027
453.975	-32.036
453.994	-32.0687
454.01	-32.0946
454.027	-32.1187
454.066	-32.1689
454.194	-32.266
454.413	-32.2193
454.709	-31.7401
455.092	-30.3488
455.317	-28.9802
455.615	-26.0256
455.816	-22.6955
455.935	-19.9608
455.99	-18.4825
456.027	-17.521
456.062	-16.6719
456.093	-16.0012
456.122	-15.5179
456.148	-15.1903
456.163	-15.0607
456.176	-14.9748
456.198	-14.8924
456.22	-14.8935
456.242	-14.9743
456.264	-15.1183
456.289	-15.385
456.313	-15.7034
456.337	-16.0706
456.358	-16.4531
456.38	-16.8685
456.402	-17.3104
456.427	-17.8478
456.451	-18.3789
456.475	-18.9218
456.499	-19.4717
456.523	-20.0243
456.547	-20.5748
456.571	-21.1169
456.595	-21.6468
456.619	-22.1626
456.643	-22.6635
456.667	-23.1494
456.691	-23.6201
456.715	-24.0757
456.739	-24.5167
456.763	-24.9442
456.787	-25.3588
456.811	-25.7607
456.836	-26.1505
456.86	-26.5292
456.883	-26.8886
456.889	-26.9735
456.911	-27.3206
456.934	-27.671
456.96	-28.0578
456.981	-28.378
457.002	-28.6956
457.028	-29.0755
457.048	-29.3786
457.074	-29.757
457.1	-30.1306
457.124	-30.4687
457.146	-30.7849
457.17	-31.1262
457.188	-31.388
457.212	-31.7217
457.235	-32.0566
457.258	-32.3929
457.281	-32.7311
457.305	-33.0717
457.328	-33.4142
457.351	-33.7582
457.374	-34.1038
457.397	-34.4511
457.421	-34.8005
457.444	-35.1521
457.467	-35.5052
457.49	-35.8592
457.514	-36.2142
457.537	-36.5703
457.56	-36.9277
457.583	-37.2861
457.607	-37.6443
457.63	-38.0022
457.653	-38.3596
457.676	-38.7167
457.7	-39.0734
457.723	-39.4287
457.746	-39.782
457.769	-40.1329
457.793	-40.4813
457.837	-41.1431
457.966	-42.959
457.988	-43.2601
458.079	-44.4289
458.098	-44.6558
458.237	-46.3672
458.382	-47.9869
458.536	-49.4188
458.845	-51.3776
459.137	-52.1605
459.738	-51.9834
460.319	-51.1714
460.639	-50.7417
460.788	-50.607
460.836	-50.5719
461.301	-49.8286
461.543	-49.2943
461.681	-48.9791
461.834	-48.634
462.321	-47.5917
462.742	-46.8394
462.956	-46.5249
463.259	-46.1479
463.841	-45.713
464.21	-45.6693
464.919	-46.0658
465.177	-46.3431
465.453	-46.7214
465.765	-47.2032
466.012	-47.7543
466.471	-49.0446
467.138	-50.4533
467.443	-50.9177
467.862	-51.4389
468.242	-51.8487
468.525	-52.1247
468.707	-52.324
468.979	-52.6476
470.41	-53.3812
470.552	-53.4352
471.099	-53.7173
471.341	-53.8177
471.831	-53.9666
472.668	-54.0565
473.461	-54.0632
474.013	-54.11
474.556	-54.2067
474.997	-53.8205
475.634	-52.6792
475.734	-52.5159
476.306	-51.8493
476.585	-51.4143
476.884	-50.7149
477.398	-49.0116
477.636	-48.0169
478.155	-44.8515
478.271	-44.0261
478.532	-41.7423
478.831	-38.5513
478.984	-36.2867
479.077	-34.4231
479.098	-33.9154
479.151	-32.3896
479.177	-31.5132
479.186	-31.1822
479.203	-30.5578
479.223	-29.8437
479.243	-29.0523
479.266	-28.0664
479.286	-27.1828
479.306	-26.1196
479.326	-25.0045
479.345	-23.7294
479.364	-22.2425
479.383	-20.4654
479.403	-18.2917
479.422	-15.7185
479.441	-12.8021
479.46	-9.6716
479.48	-6.51939
479.499	-3.50119
479.518	-0.827379
479.538	1.29648
479.557	2.71911
479.576	3.38335
479.595	3.33038
479.615	2.66873
479.634	1.53119
479.653	0.0477078
479.672	-1.67292
479.692	-3.55024
479.694	-3.79649
479.707	-5.16144
479.73	-7.53287
479.753	-9.8314
479.772	-11.7873
479.795	-13.8969
479.814	-15.609
479.836	-17.4367
479.859	-19.2895
479.877	-20.5916
479.9	-22.1378
479.924	-23.5902
479.943	-24.6307
479.966	-25.7699
479.989	-26.777
480.006	-27.4785
480.028	-28.313
480.033	-28.4784
480.054	-29.2148
480.073	-29.8174
480.097	-30.5059
480.12	-31.124
480.138	-31.5953
480.158	-32.0886
480.174	-32.4774
480.197	-33.0081
480.22	-33.5134
480.238	-33.8876
480.262	-34.3811
480.285	-34.8374
480.304	-35.194
480.327	-35.6109
480.349	-36.0116
480.368	-36.335
480.392	-36.7314
480.413	-37.0665
480.432	-37.3549
480.455	-37.7031
480.475	-37.9753
480.496	-38.2639
480.519	-38.5725
480.537	-38.798
480.559	-39.0752
480.581	-39.34
480.6	-39.5504
480.623	-39.7981
480.643	-40.0146
480.663	-40.2181
480.686	-40.4392
480.704	-40.6077
480.727	-40.8109
480.749	-41.0055
480.766	-41.1473
480.79	-41.3362
480.812	-41.5035
480.83	-41.6333
480.853	-41.7983
480.876	-41.9495
480.884	-42.0028
480.895	-42.0709
480.915	-42.1986
480.935	-42.3237
480.952	-42.4336
480.979	-42.5997
481.066	-43.1001
481.277	-44.1206
481.437	-44.7396
481.767	-45.7204
482.044	-46.3488
482.456	-47.1369
482.627	-47.4279
483.307	-48.4799
483.728	-49.0875
484.42	-50.0251
485.264	-51.1687
486.178	-52.3735
486.529	-52.9179
487.365	-54.1857
488.454	-55.5357
488.828	-55.9935
489	-56.2008
489.405	-56.7145
490.421	-57.522
490.702	-57.6373
491.068	-57.7612
492.153	-58.1036
494.077	-58.921
494.457	-59.1069
494.98	-59.349
495.851	-59.6605
496.338	-59.8212
497.119	-60.0659
498.098	-60.2089
498.337	-60.2324
498.755	-60.2661
499.274	-60.2845
499.933	-60.2824
502.713	-60.6501
503.347	-60.8257
503.761	-60.9478
504.215	-61.0667
504.447	-61.1112
504.544	-61.1198
504.93	-60.6817
505.097	-60.3586
506.213	-58.0636
507.514	-56.464
507.835	-56.2719
508.272	-56.1184
509.158	-56.0557
510.062	-56.1423
510.282	-56.1808
510.421	-56.157
510.743	-55.6545
511.431	-53.9736
511.712	-53.3205
512.082	-52.212
512.3	-51.6431
512.919	-50.1604
513.329	-49.2584
513.623	-48.6595
513.796	-48.3245
514.164	-47.646
514.359	-47.3806
514.621	-47.1339
515.588	-46.3873
515.958	-46.1954
516.222	-46.1332
516.808	-46.0273
517.11	-45.977
517.724	-45.9188
518.122	-45.9379
518.709	-46.0485
518.805	-46.0919
519	-46.3434
519.704	-48.2394
520.235	-49.3442
520.442	-49.6602
521.122	-50.4136
522.157	-51.1183
522.481	-51.1833
523.349	-49.7807
523.904	-48.6135
524.295	-48.0273
524.419	-47.8981
524.653	-47.8309
525.157	-47.9743
525.767	-48.1663
526.587	-48.3446
527.306	-48.5901
528.165	-49.1393
528.376	-49.312
528.763	-49.6625
529.341	-50.199
529.827	-50.5996
530.192	-50.5265
530.406	-50.2348
530.603	-49.8782
531.697	-45.9712
532.035	-44.3162
532.36	-42.4488
532.887	-37.9267
533.027	-35.8731
533.113	-34.0868
533.156	-32.8688
533.182	-32.0108
533.201	-31.3586
533.226	-30.487
533.243	-29.8408
533.26	-29.1941
533.284	-28.1686
533.302	-27.3013
533.323	-26.2103
533.345	-24.9069
533.363	-23.6475
533.381	-22.1988
533.4	-20.4794
533.419	-18.2198
533.441	-15.1397
533.459	-12.2778
533.48	-8.67434
533.502	-4.94495
533.52	-1.97192
533.54	0.958335
533.556	2.74119
533.578	4.39401
533.6	5.03684
533.616	4.92207
533.639	4.0757
533.658	2.86721
533.677	1.41565
533.699	-0.488084
533.715	-1.97146
533.737	-4.10855
533.756	-5.93459
533.774	-7.6666
533.796	-9.74726
533.813	-11.2048
533.835	-13.0541
533.856	-14.6667
533.875	-16.0425
533.894	-17.3291
533.909	-18.2984
533.93	-19.5172
533.951	-20.7044
533.969	-21.6336
533.99	-22.6173
534.007	-23.3437
534.027	-24.1662
534.05	-24.976
534.065	-25.5099
534.089	-26.2442
534.11	-26.8377
534.123	-27.1856
534.131	-27.3951
534.152	-27.9155
534.169	-28.3085
534.19	-28.7634
534.211	-29.1845
534.226	-29.4812
534.249	-29.8941
534.266	-30.1841
534.286	-30.5072
534.307	-30.8468
534.324	-31.1026
534.346	-31.4237
534.365	-31.69
534.384	-31.9562
534.406	-32.2393
534.425	-32.4872
534.446	-32.7507
534.456	-32.8723
534.466	-32.9984
534.481	-33.1758
534.505	-33.458
534.523	-33.6549
534.542	-33.8726
534.561	-34.0752
534.576	-34.2344
534.6	-34.4836
534.62	-34.6842
534.64	-34.8893
534.664	-35.1193
534.679	-35.2691
534.701	-35.4756
534.721	-35.6543
534.737	-35.8069
534.76	-36.0032
534.776	-36.1453
534.797	-36.3264
534.816	-36.4917
534.834	-36.6401
534.856	-36.8214
534.872	-36.9551
534.888	-37.0875
534.912	-37.2783
534.982	-37.8235
535.172	-39.2159
535.359	-40.4996
535.672	-42.521
536.177	-45.4776
536.336	-46.3208
536.534	-47.3095
537.351	-50.6288
537.609	-51.3637
538.573	-53.6371
539.066	-54.5521
539.267	-54.7874
539.667	-54.7521
540.772	-53.8133
541.174	-53.5479
541.433	-53.0738
541.865	-51.3918
542.333	-48.9565
542.802	-46.3129
542.949	-45.4401
543.058	-44.7787
543.266	-43.4518
543.412	-42.54
543.503	-42.0165
543.822	-40.3019
544.025	-39.1035
544.151	-38.2028
544.218	-37.5388
544.258	-36.9844
544.288	-36.5221
544.314	-36.1131
544.336	-35.7755
544.357	-35.4604
544.377	-35.1581
544.397	-34.8545
544.417	-34.5481
544.436	-34.2368
544.456	-33.9188
544.476	-33.5929
544.496	-33.258
544.516	-32.9133
544.536	-32.5579
544.556	-32.19
544.575	-31.808
544.595	-31.4106
544.615	-30.9969
544.635	-30.5659
544.655	-30.1157
544.675	-29.6442
544.695	-29.1459
544.715	-28.6152
544.734	-28.0459
544.754	-27.4308
544.774	-26.7622
544.794	-26.0312
544.814	-25.2257
544.834	-24.3316
544.854	-23.3303
544.873	-22.1974
544.893	-20.8998
544.913	-19.3913
544.933	-17.6627
544.953	-15.7524
544.973	-13.7102
544.993	-11.6179
545.013	-9.59761
545.032	-7.76632
545.052	-6.19685
545.072	-4.96323
545.092	-4.11796
545.112	-3.6842
545.132	-3.65143
545.152	-3.98493
545.172	-4.63431
545.191	-5.54128
545.211	-6.64811
545.231	-7.89883
545.24	-8.51464
545.257	-9.66078
545.275	-10.9458
545.298	-12.5782
545.323	-14.2597
545.341	-15.4171
545.359	-16.6448
545.378	-17.8398
545.401	-19.152
545.419	-20.1595
545.44	-21.3007
545.461	-22.3097
545.481	-23.2467
545.501	-24.0898
545.505	-24.2748
545.527	-25.1197
545.548	-25.8657
545.568	-26.5619
545.588	-27.1861
545.607	-27.7279
545.629	-28.3536
545.652	-28.9431
545.671	-29.3948
545.693	-29.9238
545.716	-30.4062
545.735	-30.8016
545.758	-31.2626
545.779	-31.6814
545.799	-32.0473
545.822	-32.4668
545.843	-32.8425
545.863	-33.1901
545.886	-33.5798
545.907	-33.921
545.927	-34.2531
545.95	-34.616
545.97	-34.9178
545.99	-35.2326
546.008	-35.4916
546.026	-35.7655
546.067	-36.3355
546.129	-37.1816
546.188	-37.9517
546.344	-39.9022
546.516	-41.817
546.861	-44.8264
547.466	-48.2214
547.938	-49.9466
548.62	-51.7295
548.988	-52.6035
549.344	-53.3487
549.645	-53.9352
550.285	-54.9687
550.54	-55.3139
550.885	-55.7704
551.494	-56.3476
551.742	-56.5053
552.175	-56.7495
552.713	-57.0117
553.231	-57.1954
554.187	-57.4882
554.524	-57.1992
555.224	-55.9724
555.976	-54.773
556.325	-54.4273
556.904	-54.1693
557.295	-54.0829
558.049	-54.0049
558.231	-54.0029
558.605	-54.0914
558.968	-54.2562
559.842	-54.3984
560.076	-54.3744
560.719	-54.2596
561.06	-54.2008
562.229	-53.9402
563.09	-53.927
563.318	-53.9764
564.092	-54.319
564.477	-54.5112
564.723	-54.4485
565.112	-53.9266
566.243	-51.86
566.496	-51.4628
567.339	-50.5832
567.968	-50.3686
568.507	-50.4338
569.483	-51.354
570.154	-52.0453
571.899	-53.8515
574.541	-56.4247
575.911	-57.6017
576.542	-58.0977
576.863	-58.3366
578.293	-59.1284
579.079	-59.4551
581.22	-60.3237
581.494	-60.4297
584.655	-61.5681
587.346	-62.4465
587.904	-62.6129
589.373	-62.7868
590.531	-62.8162
591.107	-62.8533
593.519	-63.1981
594.076	-63.2989
595.005	-63.3868
595.457	-63.3572
597.515	-63.156
598.966	-63.2067
601.648	-63.5605
602.931	-63.7709
603.846	-63.7514
605.323	-63.5968
606.647	-63.5569
607.353	-63.5967
607.829	-63.6405
609.199	-63.6655
610.207	-63.5715
611.718	-63.5408
612.654	-63.6028
613.997	-63.7205
615.003	-61.8943
616.434	-59.597
617.346	-59.0569
618.163	-58.9882
618.932	-59.1307
620.166	-59.4112
620.917	-59.6386
621.396	-59.8175
622.88	-60.4638
623.838	-60.904
626.612	-62.1266
628.143	-62.7712
629.149	-63.1202
630.411	-63.3163
631.782	-63.4986
633.454	-63.8133
636.056	-64.3948
636.93	-64.5555
637.549	-63.5197
638.077	-62.4114
638.546	-61.5384
638.856	-61.0279
640.129	-59.7562
640.974	-57.7165
641.958	-55.5325
642.798	-54.6435
643.791	-54.5438
644.437	-54.8567
645.917	-56.1071
646.628	-56.8313
648.609	-58.8573
649.562	-59.7645
650.691	-60.7413
651.896	-61.5995
652.569	-61.944
653.363	-62.3342
653.953	-62.5511
654.505	-62.6533
654.797	-62.4372
655.911	-60.0894
656.222	-59.4723
658.148	-57.5419
658.842	-57.489
660.023	-57.8325
660.452	-58.0741
661.173	-58.5653
662.297	-59.377
662.949	-59.837
663.758	-60.2537
664.199	-60.4306
666.516	-61.3858
667.44	-61.8218
667.802	-61.7956
668.889	-59.9531
669.401	-59.1597
669.987	-57.6685
670.911	-55.1275
671.721	-53.79
672.535	-53.3332
673.563	-53.6645
674.413	-54.397
675.963	-56.1505
677.513	-57.9887
679.748	-60.3632
680.07	-60.6681
680.714	-61.2249
681.551	-61.7524
681.865	-61.9024
684.537	-63.0128
685.595	-63.4525
688.214	-64.4711
688.423	-64.5163
688.955	-64.5952
690.129	-64.8656
690.367	-64.605
690.656	-63.9887
692.239	-60.3386
693.094	-59.2634
694.268	-58.8301
695	-58.9579
695.487	-59.1424
696.503	-59.6626
697.147	-59.9258
698.214	-60.3677
698.821	-60.66
699.629	-61.0748
700.015	-61.2649
701.1	-61.6646
701.962	-61.8675
703.246	-62.2122
704.917	-62.817
706.784	-63.5714
707.967	-64.0461
708.914	-64.3702
709.943	-64.5341
710.11	-64.5532
710.548	-64.6031
711.368	-63.5034
712.726	-61.7902
713.814	-61.3696
714.321	-61.3682
715.454	-61.6277
716.21	-61.9586
716.844	-62.2692
717.946	-62.686
718.892	-62.9839
719.592	-63.2184
719.899	-62.9862
720.333	-62.2277
721.129	-60.7165
722.427	-59.2374
723.122	-59.0171
723.642	-59.041
724.294	-59.1939
724.542	-59.1396
725.22	-58.3303
726.056	-57.347
726.376	-57.1003
727.04	-56.8399
727.38	-56.8333
728.497	-57.2601
729.083	-57.6554
729.776	-58.1779
730.249	-58.5125
731.209	-59.1416
732.422	-59.8571
733.206	-60.346
733.616	-60.6085
734.625	-61.1587
735.654	-61.5776
736.444	-61.9004
736.874	-62.0838
737.331	-62.2451
738.507	-62.6736
739.75	-63.1585
742.558	-64.2474
744.305	-64.5448
746.344	-65.1708
749.771	-66.1294
750.249	-65.6211
751.149	-63.698
751.409	-63.195
751.899	-62.3506
752.587	-61.6122
754.134	-61.155
755.281	-61.4165
756.115	-61.6946
756.657	-61.9095
757.591	-62.2296
758.524	-62.4784
759.118	-62.6497
759.76	-62.8493
760.682	-63.0482
760.951	-63.0598
761.88	-63.0389
762.755	-62.9938
763.011	-62.9905
763.903	-63.0663
764.267	-63.0863
765.212	-63.1353
766.158	-63.1621
767.103	-63.259
767.531	-63.332
768.228	-63.4414
768.916	-63.467
771.006	-63.5449
771.861	-63.7009
772.304	-63.8022
773.084	-63.9401
774.064	-63.866
775.211	-63.9269
775.591	-63.9841
776.119	-64.0839
776.681	-64.2114
777.487	-64.4261
778.613	-64.7847
778.985	-64.901
779.879	-65.1332
781.041	-65.2129
782.459	-65.2777
784.166	-65.4958
786.375	-65.9108
788.061	-66.2492
788.89	-66.2145
789.753	-66.1259
790.085	-66.09
790.995	-65.9629
791.528	-65.8566
792.991	-65.6201
793.841	-63.6096
794.894	-61.3472
795.52	-60.6185
796.798	-60.2013
797.39	-60.335
798.992	-61.1519
799.568	-60.6999
800.022	-59.9908
800.464	-59.2165
801.078	-57.1466
801.945	-54.4985
802.395	-53.5542
803.007	-52.8146
803.371	-52.6478
804.147	-52.7759
804.496	-52.9938
804.801	-53.2339
805.264	-53.6319
805.472	-53.8479
806.219	-54.6352
806.863	-55.0642
807.611	-55.4655
808.387	-55.9482
809.187	-56.5603
809.656	-56.3798
810.517	-55.2631
811.396	-54.5864
812.643	-54.7611
813.691	-55.5984
814.098	-56.0877
814.764	-56.859
815.739	-57.7413
816.314	-58.2218
817.005	-58.8125
818.453	-60.0907
820.087	-61.4586
820.966	-62.1138
822.177	-62.913
823.204	-63.4842
824.004	-63.7818
825.112	-64.1234
826.243	-64.4653
827.665	-64.9218
829.286	-65.214
831.856	-65.9592
832.477	-66.1334
833.637	-66.4288
836.756	-67.0967
837.437	-66.006
838.268	-64.3606
839.818	-62.7219
840.673	-62.5969
841.143	-62.6475
841.817	-62.7605
842.955	-62.9454
844.961	-63.5255
846.558	-64.1658
848.417	-64.9356
848.708	-65.0511
849.294	-65.1262
849.761	-65.1188
850.398	-64.9464
851.433	-64.5631
851.965	-64.3931
852.276	-64.2378
852.931	-62.8756
853.898	-60.8626
855.105	-59.7865
856.333	-59.7621
857.577	-60.3081
859.351	-61.4519
859.807	-61.7637
860.556	-62.2248
860.866	-62.365
861.13	-62.2543
861.626	-61.4445
862.438	-60.0978
863.837	-59.1297
864.386	-59.1515
864.848	-58.7638
865.476	-57.746
866.216	-56.8556
866.439	-56.4837
867.277	-54.5959
867.628	-53.9161
867.737	-53.7298
868.22	-53.0972
868.943	-52.6979
869.202	-52.6792
869.574	-52.7198
870.177	-52.9839
870.914	-52.2622
871.488	-51.469
871.942	-51.0271
872.508	-51.0318
872.942	-51.2863
873.901	-52.1974
874.462	-52.885
875.001	-53.5922
877.04	-56.3393
878.571	-58.2776
879.337	-59.1554
880.032	-59.9123
880.395	-60.2753
881.379	-61.0919
882.084	-61.5177
882.481	-61.7125
882.898	-61.8854
883.535	-62.0485
884.389	-62.1036
884.844	-62.0863
885.619	-62.0216
886.752	-61.9216
887.655	-61.9678
888.955	-62.2467
889.554	-62.3879
889.712	-62.4233
891.809	-63.055
892.246	-63.2188
892.409	-63.1978
892.518	-63.1097
892.749	-62.7404
893.4	-60.6471
893.641	-59.7758
895.026	-56.1971
895.567	-55.4883
895.949	-55.1959
896.941	-55.0274
897.188	-55.0975
897.625	-55.3649
898.193	-55.704
898.778	-56.0037
898.999	-56.1117
899.907	-54.991
900.489	-54.0028
901.24	-53.1306
901.959	-52.8425
902.163	-52.8447
902.673	-52.9676
903.289	-53.2465
903.592	-53.4189
904.306	-53.9268
904.733	-54.4095
905.386	-55.1495
906.045	-55.8429
906.362	-56.1556
906.545	-56.3559
906.846	-56.664
907.967	-57.3727
908.579	-57.5867
909.122	-57.7806
909.572	-57.9914
909.95	-58.1834
910.438	-58.4333
910.813	-58.6185
910.994	-58.6819
911.798	-57.5554
912.738	-55.9818
913.181	-55.4588
913.445	-54.843
914.085	-52.9203
914.498	-51.7672
915.124	-50.3935
915.75	-49.565
916.049	-49.3997
916.289	-49.3743
916.841	-48.5889
917.382	-47.4425
917.713	-46.7544
918.049	-46.1338
918.226	-45.8435
918.808	-45.1721
919.094	-45.0228
919.643	-45.0633
919.914	-45.2307
920.279	-45.8341
920.908	-47.3543
921.963	-49.7249
922.787	-51.4023
923.647	-53.023
924.106	-53.8329
924.772	-54.961
925.327	-55.8507
926.084	-56.9948
926.764	-58.033
927.264	-58.6635
927.867	-58.3823
928.4	-57.8292
929.516	-57.2359
929.758	-57.2132
929.984	-57.2402
930.33	-57.3328
930.672	-57.4311
930.784	-57.4524
931.503	-56.8271
932.259	-55.8779
933.028	-55.2062
933.401	-55.0311
933.999	-54.9294
934.828	-54.9988
935.64	-55.2432
936.019	-55.0485
936.565	-54.18
936.833	-53.514
937.548	-50.8383
938.244	-48.1258
938.564	-46.9656
938.748	-46.3813
939.199	-44.1965
939.461	-42.6051
939.64	-41.2731
939.833	-39.3937
939.895	-38.5352
939.929	-37.9049
939.959	-37.2741
939.983	-36.7483
940.007	-36.2187
940.028	-35.7644
940.047	-35.3389
940.057	-35.0945
940.071	-34.7774
940.089	-34.3337
940.112	-33.7679
940.133	-33.2156
940.15	-32.7496
940.17	-32.179
940.191	-31.5288
940.211	-30.9163
940.232	-30.1802
940.249	-29.5765
940.27	-28.7793
940.292	-27.8496
940.308	-27.0802
940.33	-25.9316
940.35	-24.7075
940.367	-23.541
940.39	-21.6717
940.41	-19.5546
940.429	-17.1976
940.447	-14.5526
940.465	-11.6092
940.484	-8.51188
940.502	-5.40881
940.52	-2.4518
940.538	0.160208
940.556	2.23905
940.565	3.03536
940.572	3.52512
940.593	4.33377
940.612	4.3018
940.633	3.51619
940.651	2.38551
940.668	1.06468
940.686	-0.57533
940.704	-2.36087
940.721	-4.23537
940.739	-6.14962
940.757	-8.0621
940.778	-10.2335
940.796	-12.0843
940.818	-14.1318
940.826	-14.8817
940.84	-16.1167
940.858	-17.5911
940.88	-19.3118
940.898	-20.6165
940.918	-21.9881
940.934	-22.9675
940.951	-23.9477
940.973	-25.068
940.992	-25.9542
941.011	-26.8029
941.035	-27.7438
941.053	-28.3777
941.072	-28.9923
941.093	-29.6231
941.111	-30.1341
941.129	-30.6125
941.151	-31.1552
941.169	-31.5765
941.192	-32.111
941.211	-32.5023
941.229	-32.8793
941.247	-33.2431
941.266	-33.5942
941.284	-33.9332
941.302	-34.2608
941.321	-34.5776
941.339	-34.8843
941.357	-35.1812
941.376	-35.4683
941.394	-35.7458
941.412	-36.0139
941.431	-36.2732
941.449	-36.5239
941.467	-36.7665
941.486	-37.0014
941.504	-37.2285
941.522	-37.4478
941.541	-37.6595
941.559	-37.8639
941.577	-38.0613
941.596	-38.2519
941.628	-38.5736
941.735	-39.5061
941.978	-41.0484
942.242	-42.0956
942.689	-43.1631
942.927	-43.5788
943.41	-44.8349
943.728	-45.7853
944.244	-47.2877
944.876	-48.9734
945.462	-50.373
945.764	-51.1557
945.986	-51.5749
946.742	-51.4237
947.466	-50.8693
948.168	-50.6791
948.411	-50.7115
948.892	-50.9125
949.737	-51.5982
950.036	-52.0074
950.724	-53.2446
951.177	-53.8929
951.631	-54.5042
951.869	-54.8805
952.355	-55.5597
953.383	-56.8421
954.011	-57.4479
954.882	-58.1382
955.383	-58.4354
955.868	-58.6797
956.118	-58.7911
956.53	-58.9485
957.317	-59.2
957.584	-59.0527
958.021	-58.2993
958.265	-57.8275
958.595	-57.2207
958.814	-56.7398
959.036	-56.1108
959.532	-54.1065
959.676	-53.4892
960.714	-49.5817
961.054	-48.6475
961.449	-47.8122
961.561	-47.6559
961.861	-47.7743
962.413	-48.577
962.651	-48.8474
963.333	-49.2647
963.883	-49.4316
964.825	-49.8058
965.162	-49.9928
965.775	-50.4536
966.694	-51.129
967.015	-51.3469
967.361	-51.1874
968.123	-50.087
968.274	-49.8564
968.493	-49.5486
969.411	-49.2239
969.847	-49.2688
970.524	-49.5185
971.044	-49.8676
971.839	-50.5719
972.168	-50.8987
972.378	-51.111
973.027	-51.773
973.224	-51.9568
973.32	-51.995
973.488	-51.9027
973.682	-51.6388
974.464	-49.8323
974.805	-48.9228
975.123	-48.0824
975.711	-46.6058
976.399	-45.1579
976.581	-44.8483
976.935	-44.03
977.432	-41.9948
977.829	-39.3689
978.085	-36.6952
978.318	-32.6137
978.419	-29.757
978.466	-27.9396
978.498	-26.3889
978.524	-24.844
978.547	-23.3243
978.57	-21.5199
978.591	-19.3962
978.612	-16.9859
978.632	-14.2071
978.652	-11.1482
978.675	-7.62566
978.695	-4.68974
978.715	-1.91795
978.736	0.537824
978.753	1.93983
978.775	3.03816
978.795	3.31686
978.814	3.00552
978.836	2.09869
978.857	0.865276
978.874	-0.391259
978.897	-2.23922
978.914	-3.75425
978.936	-5.6481
978.957	-7.57082
978.974	-9.05799
978.996	-10.8411
979.015	-12.3894
979.024	-13.064
979.03	-13.5309
979.052	-15.0802
979.055	-15.2608
979.067	-16.1218
979.072	-16.3965
979.091	-17.6357
979.11	-18.7299
979.127	-19.6539
979.147	-20.6978
979.162	-21.4504
979.177	-22.1229
979.193	-22.8072
979.216	-23.7562
979.233	-24.3778
979.253	-25.0332
979.271	-25.6204
979.289	-26.1686
979.312	-26.7864
979.332	-27.2999
979.35	-27.7371
979.371	-28.2198
979.388	-28.5784
979.407	-28.9569
979.426	-29.3191
979.444	-29.6597
979.463	-29.9835
979.48	-30.2688
979.497	-30.5366
979.514	-30.7956
979.536	-31.1268
979.557	-31.4269
979.574	-31.6596
979.597	-31.9634
979.613	-32.1812
979.633	-32.4375
979.654	-32.6947
979.672	-32.9162
979.695	-33.1929
979.716	-33.4386
979.734	-33.6409
979.755	-33.8691
979.773	-34.0654
979.791	-34.2577
979.81	-34.4464
979.828	-34.6317
979.846	-34.8138
979.864	-34.9929
979.882	-35.1689
979.9	-35.3416
979.919	-35.5112
979.942	-35.7247
979.958	-35.8728
979.981	-36.0717
980.002	-36.2565
980.02	-36.4082
980.042	-36.5914
980.06	-36.7392
980.079	-36.8904
980.1	-37.0627
980.117	-37.1967
980.139	-37.3661
980.156	-37.5016
980.174	-37.6352
980.192	-37.7671
980.209	-37.8973
980.254	-38.2211
980.399	-39.2176
980.411	-39.2962
980.498	-39.8573
980.63	-40.6637
980.68	-40.9603
980.844	-41.8825
980.914	-42.2582
981.215	-43.7683
981.263	-43.9951
981.603	-45.6447
982.035	-47.4583
982.407	-48.6499
982.901	-49.842
983.099	-50.3002
983.315	-50.9172
984.224	-52.9645
984.459	-53.2933
984.869	-53.7481
985.067	-53.8154
985.617	-53.2449
985.974	-52.6893
986.665	-51.6986
987.462	-51.0127
988.136	-50.8525
988.285	-50.8665
988.652	-51.0879
988.802	-51.2456
988.946	-51.4156
989.808	-52.7162
990.395	-53.2586
990.74	-53.5013
991.1	-53.7306
991.419	-53.8941
992.05	-53.1613
992.57	-52.1176
993.171	-50.9404
993.627	-50.2157
993.927	-49.8436
994.44	-49.6724
994.987	-49.9056
995.873	-50.4965
996.524	-50.9897
996.95	-51.3394
997.303	-51.7505
997.991	-52.6761
998.564	-53.3863
999.272	-54.1879
1001.06	-56.0332
1001.99	-57.0225
1002.73	-57.6
1002.89	-57.7108
1004.17	-58.5208
1004.81	-58.9422
1005.43	-59.3363
1006.85	-60.1213
1007.19	-60.2936
1008.64	-60.8216
1008.98	-60.9009
1009.41	-60.996
1009.79	-61.0839
1011.11	-61.2926
1011.58	-61.3275
1013.47	-61.5733
1014.43	-61.7968
1015	-61.9356
1015.86	-62.1557
1016.25	-62.2566
1016.5	-62.3154
1016.64	-62.2112
1016.93	-61.6066
1017.29	-60.6844
1017.45	-60.2061
1018.18	-57.1924
1018.41	-56.2836
1018.57	-55.5977
1019.03	-53.3103
1019.19	-52.7565
1019.75	-50.2446
1020.16	-48.7249
1020.75	-46.8783
1021.29	-45.5999
1021.83	-44.7455
1022.45	-44.235
1022.86	-44.1298
1023.38	-43.5559
1023.97	-41.9487
1024.57	-39.4371
1024.97	-36.8421
1025.25	-33.912
1025.29	-33.3619
1025.4	-31.8724
1025.53	-29.1257
1025.57	-27.9156
1025.6	-27.1293
1025.6	-26.8808
1025.63	-25.9971
1025.65	-25.1756
1025.67	-24.314
1025.69	-23.2551
1025.7	-22.8104
1025.72	-22.0335
1025.73	-21.4445
1025.75	-20.0169
1025.77	-18.6845
1025.77	-18.6082
1025.78	-17.4458
1025.8	-16.1765
1025.82	-14.3695
1025.84	-12.8413
1025.86	-11.0169
1025.87	-9.77736
1025.89	-8.54618
1025.92	-7.31158
1025.94	-6.68465
1025.96	-6.36438
1025.98	-6.36616
1025.99	-6.62573
1026.02	-7.22649
1026.03	-8.00914
1026.05	-8.89688
1026.08	-10.1387
1026.09	-11.2477
1026.11	-12.4809
1026.13	-13.7987
1026.15	-14.8703
1026.17	-16.2544
1026.19	-17.4064
1026.21	-18.4452
1026.23	-19.7544
1026.25	-20.6582
1026.27	-21.7146
1026.29	-22.7809
1026.31	-23.5596
1026.33	-24.4284
1026.35	-25.2274
1026.37	-25.9109
1026.39	-26.6203
1026.41	-27.1801
1026.43	-27.829
1026.45	-28.4356
1026.47	-28.9392
1026.49	-29.3856
1026.51	-29.8074
1026.53	-30.2067
1026.55	-30.6713
1026.56	-30.9996
1026.59	-31.4201
1026.61	-31.8021
1026.63	-32.1242
1026.65	-32.4818
1026.67	-32.7924
1026.69	-33.1079
1026.71	-33.4581
1026.72	-33.7053
1026.75	-34.024
1026.77	-34.3432
1026.79	-34.5724
1026.81	-34.8482
1026.83	-35.0952
1026.85	-35.3266
1026.87	-35.5779
1026.88	-35.7796
1026.91	-36.0183
1026.93	-36.2339
1026.94	-36.4072
1026.97	-36.6431
1026.98	-36.8047
1027	-36.9989
1027.03	-37.2059
1027.04	-37.3573
1027.06	-37.5344
1027.08	-37.7119
1027.1	-37.8551
1027.12	-38.0163
1027.14	-38.1551
1027.16	-38.3076
1027.18	-38.4645
1027.2	-38.5873
1027.22	-38.7072
1027.24	-38.8167
1027.26	-38.9384
1027.27	-39.0372
1027.29	-39.1291
1027.33	-39.3458
1027.44	-39.8672
1027.65	-40.6665
1027.86	-41.242
1028.19	-41.8364
1028.61	-42.3924
1029.03	-42.9688
1029.22	-43.2562
1029.5	-43.7456
1029.67	-44.0713
1029.86	-44.4606
1030.14	-45.0785
1030.52	-45.9292
1030.78	-46.681
1030.92	-47.2017
1031.63	-49.9337
1032.21	-51.1385
1032.52	-51.5587
1033.06	-52.3711
1034.14	-53.413
1035.15	-54.2195
1036.77	-55.5201
1037.1	-55.8213
1037.65	-56.3868
1037.87	-56.6053
1038.58	-57.2544
1039.49	-58.0325
1039.8	-58.2776
1040.85	-58.9725
1041.64	-59.3174
1042.69	-59.7378
1043.88	-60.2337
1044.33	-60.4384
1044.59	-60.5338
1045.25	-60.6732
1045.85	-60.6586
1046.73	-60.5116
1047.27	-60.4032
1047.64	-60.3424
1048.62	-60.2589
1049.23	-60.2724
1049.87	-60.2965
1050.1	-60.2179
1050.2	-60.0881
1050.48	-59.5186
1050.8	-58.2558
1051.04	-57.2233
1051.55	-54.817
1052.05	-52.3537
1052.81	-48.263
1053.48	-44.9834
1053.88	-43.0792
1054.25	-41.1939
1054.56	-39.3322
1054.71	-38.2043
1054.8	-37.3001
1054.85	-36.7336
1054.88	-36.2459
1054.9	-35.7723
1054.93	-35.3457
1054.95	-34.9981
1054.97	-34.6503
1054.99	-34.3001
1055.01	-33.9451
1055.02	-33.5891
1055.04	-33.2567
1055.06	-32.8592
1055.08	-32.4258
1055.1	-32.0541
1055.12	-31.6102
1055.14	-31.1316
1055.16	-30.7338
1055.19	-30.1591
1055.21	-29.6548
1055.22	-29.1531
1055.25	-28.5196
1055.26	-27.9927
1055.29	-27.3035
1055.31	-26.4966
1055.33	-25.7606
1055.35	-24.7617
1055.37	-23.8093
1055.39	-22.9545
1055.41	-21.6074
1055.42	-20.4659
1055.45	-18.6299
1055.47	-16.6643
1055.47	-15.9909
1055.49	-14.818
1055.51	-12.5305
1055.53	-10.6605
1055.54	-8.92135
1055.56	-7.38471
1055.58	-6.19581
1055.6	-4.99835
1055.62	-4.4803
1055.64	-4.29461
1055.66	-4.64096
1055.68	-5.29345
1055.7	-6.39621
1055.72	-7.54956
1055.74	-8.98792
1055.76	-10.6566
1055.78	-12.0793
1055.8	-13.7736
1055.82	-15.4236
1055.84	-16.9093
1055.86	-18.5844
1055.88	-20.0048
1055.9	-21.308
1055.92	-22.809
1055.94	-23.8221
1055.96	-24.9806
1055.98	-26.0827
1056	-26.8769
1056.02	-27.8257
1056.04	-28.5525
1056.06	-29.3462
1056.08	-30.0756
1056.1	-30.6538
1056.12	-31.2984
1056.14	-31.8532
1056.16	-32.4275
1056.18	-33.015
1056.2	-33.4692
1056.22	-34.0141
1056.24	-34.52
1056.26	-34.9562
1056.28	-35.4421
1056.3	-35.8218
1056.32	-36.2696
1056.34	-36.74
1056.36	-37.0867
1056.38	-37.5034
1056.4	-37.8626
1056.42	-38.2388
1056.44	-38.6237
1056.46	-38.966
1056.48	-39.327
1056.5	-39.644
1056.52	-39.8889
1056.54	-40.1907
1056.56	-40.4456
1056.58	-40.7239
1056.6	-40.9772
1056.61	-41.1825
1056.65	-41.6258
1056.76	-42.7688
1056.97	-44.3632
1057.18	-45.4345
1057.52	-46.5617
1057.83	-47.2949
1058.19	-47.982
1058.55	-48.6251
1058.76	-49.1015
1059.05	-49.9089
1059.46	-51.1515
1059.73	-51.8253
1060.6	-53.3442
1060.94	-53.7241
1061.71	-54.4453
1062.48	-55.1037
1063.13	-55.641
1063.83	-56.2225
1064.14	-56.5288
1064.25	-56.6313
1065.28	-57.2906
1065.6	-57.3381
1065.89	-57.3744
1066.54	-57.356
1067.13	-57.2347
1068.36	-57.027
1069.04	-57.0334
1069.82	-57.062
1070.24	-57.0754
1070.86	-57.11
1071.32	-57.1641
1071.83	-57.2794
1072.19	-57.3827
1072.65	-57.51
1073.02	-57.5837
1073.29	-57.6176
1073.64	-57.6433
1075.86	-57.6199
1076.66	-57.7181
1076.86	-57.7576
1077.44	-57.9066
1077.87	-58.1354
1078.19	-58.32
1078.52	-58.5076
1080.17	-59.0674
1080.35	-59.1034
1080.57	-59.1452
1081.15	-59.2284
1081.74	-59.2078
1082.63	-59.0436
1083.64	-58.9314
1084.12	-58.9269
1084.92	-58.9611
1085.95	-58.9342
1086.41	-58.9194
1086.98	-58.9283
1088.49	-59.1152
1089.64	-59.3928
1090.59	-59.6665
1091.82	-60.0435
1092.07	-59.8898
1092.47	-59.2322
1092.99	-58.1186
1093.28	-57.5193
1093.84	-56.031
1094.22	-54.8738
1094.78	-53.4881
1095.02	-52.991
1095.57	-51.9932
1095.96	-51.4417
1096.28	-51.1996
1096.8	-51.0042
1097.62	-50.8223
1097.74	-50.7402
1097.94	-50.5227
1098.25	-49.8076
1098.54	-48.7112
1099.18	-45.2198
1099.47	-43.1843
1099.69	-41.0696
1099.89	-38.2624
1100	-35.9683
1100.05	-34.4449
1100.09	-33.2493
1100.11	-32.3034
1100.13	-31.4028
1100.15	-30.4903
1100.17	-29.5861
1100.19	-28.6139
1100.21	-27.5697
1100.23	-26.4971
1100.25	-25.3069
1100.27	-23.6797
1100.29	-21.9458
1100.31	-19.5098
1100.33	-15.961
1100.35	-12.9352
1100.37	-8.72116
1100.39	-4.15345
1100.41	-0.585846
1100.43	3.22052
1100.44	5.54734
1100.47	7.3284
1100.49	7.81773
1100.5	7.3108
1100.53	5.83659
1100.54	4.20217
1100.56	1.9788
1100.59	-0.669553
1100.6	-2.83869
1100.61	-3.36879
1100.62	-5.39783
1100.64	-7.46377
1100.66	-9.83694
1100.68	-12.3689
1100.7	-14.0314
1100.72	-16.1739
1100.74	-18.0628
1100.76	-19.5405
1100.78	-21.3368
1100.8	-22.5909
1100.82	-23.8828
1100.84	-25.2343
1100.86	-26.0664
1100.88	-27.0405
1100.9	-27.7616
1100.92	-28.4233
1100.94	-29.1478
1100.95	-29.7075
1100.98	-30.3447
1101	-30.9069
1101.01	-31.1932
1101.02	-31.4492
1101.04	-32.0052
1101.06	-32.4315
1101.08	-32.8244
1101.1	-33.2569
1101.12	-33.5608
1101.14	-33.94
1101.16	-34.2956
1101.18	-34.6046
1101.2	-34.9501
1101.22	-35.2129
1101.24	-35.5052
1101.26	-35.8035
1101.28	-36.0147
1101.3	-36.2844
1101.32	-36.5092
1101.33	-36.703
1101.36	-36.9441
1101.37	-37.11
1101.4	-37.3037
1101.42	-37.4946
1101.43	-37.6382
1101.46	-37.8084
1101.47	-37.9491
1101.49	-38.0868
1101.52	-38.221
1101.53	-38.3189
1101.54	-38.3424
1101.55	-38.438
1101.57	-38.5192
1101.59	-38.63
1101.61	-38.7328
1101.63	-38.8088
1101.65	-38.8942
1101.67	-38.9659
1101.69	-39.0322
1101.71	-39.0978
1101.73	-39.1483
1101.74	-39.1943
1101.76	-39.2363
1101.78	-39.2795
1101.8	-39.3097
1101.81	-39.3371
1101.84	-39.3806
1101.93	-39.4632
1102.16	-39.3382
1102.46	-38.6169
1102.88	-36.6108
1103.3	-32.4924
1103.57	-27.0621
1103.61	-26.0681
1103.69	-22.689
1103.73	-19.9077
1103.77	-17.3546
1103.79	-15.0695
1103.83	-12.3975
1103.85	-10.3555
1103.88	-8.6264
1103.9	-7.3115
1103.93	-6.4887
1103.95	-6.13769
1103.98	-6.33113
1104.01	-6.93929
1104.03	-7.77044
1104.06	-9.06583
1104.08	-10.1897
1104.1	-11.3811
1104.13	-12.9532
1104.15	-14.161
1104.17	-15.7231
1104.2	-16.906
1104.22	-18.0455
1104.24	-19.1382
1104.27	-20.4358
1104.28	-21.1585
1104.29	-21.5073
1104.31	-22.3746
1104.34	-23.4185
1104.36	-24.2533
1104.39	-24.9217
1104.41	-25.6947
1104.43	-26.3693
1104.46	-26.9997
1104.48	-27.5904
1104.5	-28.1449
1104.53	-28.6671
1104.54	-28.8716
1104.55	-29.1801
1104.58	-29.7424
1104.61	-30.2248
1104.63	-30.5863
1104.65	-30.9086
1104.67	-31.3516
1104.7	-31.7119
1104.72	-32.061
1104.74	-32.3999
1104.77	-32.7295
1104.79	-33.0509
1104.81	-33.3638
1104.83	-33.6684
1104.86	-33.9648
1104.88	-34.2536
1104.9	-34.5353
1104.93	-34.8104
1104.95	-35.0791
1104.97	-35.3413
1105	-35.6254
1105.02	-35.8645
1105.04	-36.0977
1105.07	-36.3693
1105.09	-36.6071
1105.12	-36.8248
1105.14	-37.0379
1105.16	-37.2461
1105.18	-37.4492
1105.2	-37.6472
1105.23	-37.8405
1105.25	-38.0292
1105.27	-38.2136
1105.29	-38.3938
1105.32	-38.5703
1105.34	-38.7432
1105.36	-38.9127
1105.38	-39.0786
1105.41	-39.2407
1105.43	-39.399
1105.45	-39.5536
1105.47	-39.7045
1105.49	-39.8519
1105.52	-39.9961
1105.54	-40.1372
1105.56	-40.2753
1105.59	-40.4435
1105.67	-40.8848
1105.85	-41.8473
1106.04	-42.6658
1106.29	-43.5826
1106.36	-43.8324
1106.89	-45.7927
1107.3	-47.069
1107.72	-48.1617
1108.13	-48.687
1108.56	-48.6596
1109.12	-48.3349
1109.37	-48.2524
1109.57	-48.2846
1110	-48.4825
1110.25	-48.6154
1110.45	-48.7295
1110.92	-48.4918
1111.42	-47.6164
1112.17	-46.1862
1112.44	-45.7351
1113.09	-45.0194
1113.54	-44.8804
1113.95	-44.4267
1114.39	-43.3203
1114.64	-42.6333
1115.02	-41.6751
1115.27	-41.011
1115.45	-40.5273
1115.91	-39.1372
1116.46	-36.8039
1116.66	-35.5472
1116.97	-32.5478
1117.18	-29.3572
1117.31	-26.0699
1117.47	-18.7553
1117.51	-15.6409
1117.57	-11.032
1117.61	-8.45466
1117.64	-7.17842
1117.66	-6.59687
1117.69	-6.45009
1117.71	-6.68734
1117.73	-7.19919
1117.75	-7.94046
1117.78	-8.94762
1117.8	-10.0284
1117.82	-11.1871
1117.85	-12.3789
1117.87	-13.5737
1117.89	-14.7521
1117.92	-15.9014
1117.94	-17.0138
1117.96	-18.2064
1117.99	-19.2216
1118.01	-20.3026
1118.03	-21.1362
1118.04	-21.31
1118.05	-21.9327
1118.08	-22.7862
1118.1	-23.5893
1118.12	-24.3058
1118.14	-24.9558
1118.17	-25.6265
1118.19	-26.262
1118.21	-26.8657
1118.24	-27.4411
1118.26	-27.957
1118.28	-28.4318
1118.3	-28.8891
1118.32	-29.3305
1118.35	-29.8803
1118.36	-30.0761
1118.37	-30.3533
1118.4	-30.7991
1118.42	-31.2402
1118.44	-31.7149
1118.46	-32.0695
1118.48	-32.4518
1118.51	-32.8674
1118.51	-32.948
1118.53	-33.2344
1118.55	-33.6881
1118.57	-34.0668
1118.59	-34.4438
1118.62	-34.9034
1118.64	-35.2565
1118.66	-35.6019
1118.68	-35.9676
1118.7	-36.3779
1118.72	-36.7687
1118.75	-37.1571
1118.77	-37.5422
1118.79	-37.9236
1118.81	-38.3012
1118.83	-38.6751
1118.86	-39.0453
1118.88	-39.4174
1118.9	-39.7942
1118.92	-40.1469
1118.95	-40.4943
1118.97	-40.8361
1118.99	-41.1721
1119.01	-41.5015
1119.03	-41.824
1119.06	-42.1396
1119.08	-42.4484
1119.1	-42.7509
1119.12	-43.047
1119.15	-43.3362
1119.17	-43.6185
1119.19	-43.8938
1119.21	-44.1624
1119.23	-44.4247
1119.26	-44.6807
1119.28	-44.9309
1119.3	-45.175
1119.32	-45.4127
1119.34	-45.6443
1119.37	-45.863
1119.39	-46.0613
1119.41	-46.3196
1119.47	-46.8691
1119.64	-48.2329
1119.82	-49.453
1120.16	-51.1799
1120.44	-52.2586
1120.8	-53.3195
1121.17	-54.1422
1121.3	-54.4067
1121.89	-55.4729
1121.96	-55.5701
1122.59	-56.317
1123.18	-56.6867
1123.44	-56.6141
1124.24	-55.327
1124.59	-54.7662
1124.82	-54.431
1125.33	-53.8543
1126.02	-53.4022
1126.75	-53.2189
1127.36	-53.2709
1127.53	-53.3385
1128.01	-53.7887
1128.17	-53.9495
1128.36	-54.1234
1129.1	-54.6375
1129.93	-54.8123
1130.83	-54.8322
1131.12	-54.8527
1131.63	-54.934
1132.71	-55.5088
1133.98	-56.2239
1134.41	-56.4892
1134.9	-56.8467
1135.83	-57.5215
1135.93	-57.5696
1136.81	-57.8794
1137.89	-58.0125
1138.81	-58.1371
1139.99	-58.4434
1140.39	-58.5441
1141.04	-57.5985
1142.1	-55.6314
1142.9	-54.6683
1143.37	-54.3708
1144.28	-54.4237
1144.89	-54.5672
1146.32	-55.1271
1146.84	-55.4237
1147.24	-55.6858
1148	-56.1979
1148.77	-56.646
1149.83	-57.2299
1150.62	-57.6931
1152.66	-58.9926
1153.02	-59.219
1155.21	-60.4435
1158.05	-61.8052
1160.46	-62.7846
1161.79	-63.2552
1166.62	-64.5711
1168.13	-64.8761
1169.17	-64.9986
1169.9	-64.952
1171.67	-64.5766
1172.87	-64.5634
1175.89	-64.8165
1177.33	-64.9989
1178.37	-64.9218
1178.77	-64.8642
1180.57	-64.6429
1181.78	-64.6318
1183.97	-64.7942
1184.68	-64.8645
1187.18	-64.9911
1190.06	-65.4606
1190.33	-65.5038
1191.34	-65.352
1193.05	-65.1152
1194.35	-65.0806
1195.79	-65.1602
1197.97	-65.341
1198.45	-65.3329
1199.04	-64.1815
1200.65	-60.9551
1201.55	-60.1022
1202.38	-59.8106
1203.78	-59.9899
1205.57	-60.7707
1205.95	-60.9677
1206.89	-61.378
1207.58	-61.5918
1207.92	-61.6618
1208.35	-61.77
1209.67	-62.0398
1210.54	-62.2227
1212.1	-62.6463
1214.55	-63.4175
1215.05	-63.4279
1216.12	-61.3808
1216.88	-60.0282
1217.98	-58.9641
1218.71	-58.7588
1219.13	-58.7707
1219.81	-58.8881
1220.48	-59.038
1221.16	-59.231
1222.27	-59.6798
1223.89	-60.5593
1225.82	-61.6944
1227.12	-62.43
1228.04	-62.9221
1230.37	-63.999
1231.86	-64.4228
1232.29	-64.0915
1232.83	-63.2957
1233.74	-62.0844
1234.52	-61.4344
1235.68	-61.0535
1236.08	-61.0526
1236.52	-61.0921
1237.75	-61.2406
1238.75	-61.4591
1239.59	-61.7341
1240.21	-61.9768
1241.19	-62.3672
1241.91	-61.3767
1242.83	-59.8479
1244.01	-58.9405
1244.79	-58.9016
1245.33	-58.2634
1246.03	-56.9057
1246.74	-55.8329
1247.44	-55.2606
1247.96	-55.1502
1248.48	-55.2429
1248.77	-55.2089
1249.08	-54.8218
1249.6	-54.009
1250.12	-53.3657
1250.83	-52.7424
1251.09	-52.6023
1251.53	-52.4336
1252.26	-52.3966
1252.96	-52.5795
1253.72	-53.0021
1254.47	-53.6038
1255.13	-52.9799
1256.13	-51.4108
1256.89	-50.86
1257.41	-50.8646
1258.47	-51.621
1259.06	-52.567
1259.43	-53.1443
1260.49	-54.5216
1261.31	-55.4779
1262.49	-56.842
1263.75	-58.2397
1264.35	-58.8744
1265.16	-59.6331
1265.86	-59.0571
1266.47	-58.2985
1267.6	-57.5373
1267.95	-57.4933
1268.19	-57.4516
1268.79	-56.2524
1269.15	-55.3533
1269.74	-54.0267
1270.25	-53.1021
1270.67	-52.5726
1271.11	-52.4839
1271.51	-52.606
1272.53	-53.4878
1273.57	-54.4764
1274.93	-55.9051
1276.7	-57.8459
1278.07	-59.2711
1280.43	-61.3799
1280.83	-61.6866
1281.57	-62.1515
1282.89	-62.698
1283.32	-62.8601
1283.64	-62.9808
1284.66	-63.2802
1285.89	-63.512
1286.8	-63.7166
1286.94	-63.7395
1287.63	-63.8002
1289.34	-63.878
1290.26	-63.9864
1291.86	-64.3395
1294.28	-65.046
1295.76	-65.4944
1296.23	-65.6117
1297.37	-65.8284
1298.6	-65.828
1300.31	-65.8909
1301.25	-65.9856
1302.41	-66.0171
1304.94	-65.9905
1305.61	-65.8454
1307.03	-63.1799
1307.92	-62.2323
1308.55	-61.9221
1309.37	-61.7535
1310.62	-61.8069
1311.47	-62.0366
1312.63	-62.4826
1313.74	-62.9753
1314.68	-63.2955
1317.55	-64.4935
1320.8	-65.686
1321.15	-65.7181
1322.11	-65.6351
1322.57	-65.6738
1322.84	-65.7087
1322.94	-65.7224
1323.38	-65.7749
1323.73	-65.7641
1324.54	-65.3458
1326.06	-64.71
1326.66	-64.4794
1328.18	-64.3149
1329.42	-64.4442
1330.44	-64.4596
1331.33	-64.5949
1332.79	-64.9598
1333.54	-65.0912
1334.71	-65.2863
1336.21	-65.6268
1336.45	-65.6028
1337.23	-65.3327
1337.58	-65.275
1338.59	-65.1252
1338.82	-65.0769
1339.5	-64.8859
1340.35	-64.4518
1341.38	-64.068
1342.14	-63.9354
1344.54	-64.0415
1345.29	-64.1819
1345.99	-64.3235
1346.38	-64.3658
1347.01	-64.2666
1348.25	-63.9925
1349.25	-63.8491
1349.79	-63.8361
1352.17	-64.1601
1352.8	-64.3064
1353.5	-64.4756
1354.07	-64.5558
1354.67	-64.5725
1354.97	-64.5149
1355.62	-64.2992
1356.28	-64.1202
1357.85	-63.9636
1358.93	-64.0452
1361.3	-64.5316
1363.62	-65.1532
1367.24	-66.0991
1367.46	-66.1485
1368.26	-66.3108
1368.57	-66.3333
1368.99	-66.3166
1370.82	-65.7938
1371.9	-65.5635
1372.83	-65.2585
1373.79	-65.006
1374.38	-64.8926
1375.45	-64.8106
1376.95	-64.9084
1377.97	-64.913
1380.63	-65.3745
1382.35	-65.7705
1383.79	-65.8945
1385.07	-66.1386
1385.27	-66.1486
1385.97	-64.9719
1386.22	-64.4669
1386.97	-62.7068
1387.78	-61.3009
1388.35	-60.6342
1389.02	-60.1734
1389.38	-60.0425
1390.09	-59.9272
1390.8	-59.9003
1391.5	-59.9658
1392.05	-60.086
1393.39	-60.6004
1394.07	-60.9354
1397.25	-62.7167
1398.07	-63.1561
1400.46	-64.2642
1400.98	-63.7532
1401.68	-62.4597
1403.58	-60.6202
1404.41	-60.6312
1404.86	-60.7502
1405.76	-61.0514
1406.75	-61.3501
1407.12	-61.4383
1407.69	-60.6424
1408.73	-58.7847
1409.37	-58.031
1410.03	-57.6525
1411.39	-57.8082
1412.54	-58.5202
1413.96	-59.647
1414.38	-60.0007
1414.91	-60.4099
1416.13	-61.1656
1417.16	-61.7279
1418.08	-62.2483
1418.87	-62.5925
1419.88	-62.9365
1420.69	-63.1894
1421.76	-63.539
1422.15	-63.7027
1423.06	-64.0369
1424.16	-64.414
1425.22	-64.7228
1426.21	-64.8262
1427.65	-64.9905
1427.99	-65.0431
1428.35	-65.0895
1428.78	-65.1075
1429.3	-65.0459
1430.31	-64.6492
1431.32	-64.1989
1432.33	-63.9445
1432.72	-63.8284
1433.39	-63.7092
1433.87	-63.6462
1434.98	-63.4208
1435.34	-63.0154
1435.69	-61.9389
1436.66	-58.0291
1437.5	-55.6419
1438.17	-54.6073
1438.67	-54.262
1439.6	-54.3346
1440.27	-54.7635
1441.43	-55.8476
1441.74	-56.1758
1442.39	-56.8715
1443.14	-57.5673
1443.41	-57.7935
1444.11	-58.372
1444.6	-58.7854
1445.32	-59.3103
1445.63	-59.4983
1446.94	-60.0413
1447.71	-60.2765
1448.4	-60.5203
1448.69	-60.3864
1449.63	-58.7372
1449.87	-58.351
1450.55	-56.0422
1450.98	-54.641
1452.41	-51.8315
1453.71	-51.8111
1453.96	-52.0003
1454.33	-52.338
1454.67	-52.689
1455.31	-53.3012
1456.21	-54.3591
1456.85	-55.0423
1458.1	-56.3319
1458.66	-57.0119
1460.26	-58.7009
1460.59	-58.9937
1461.23	-58.4866
1461.77	-57.7145
1462.26	-57.1371
1462.94	-56.5872
1463.03	-56.4923
1463.32	-55.8429
1463.82	-54.3945
1464.28	-53.0525
1464.97	-51.3338
1465	-51.2646
1465.19	-51.0328
1465.58	-50.8508
1466.21	-50.7677
1466.81	-50.812
1467.29	-50.9491
1467.74	-51.1641
1468.2	-51.4556
1468.47	-51.7361
1468.74	-52.0733
1469.35	-52.6749
1469.92	-53.0438
1470.66	-53.4149
1471.48	-53.9028
1471.81	-54.1311
1472.04	-54.0485
1472.65	-53.1889
1473.17	-52.1704
1473.64	-51.289
1474.36	-50.2346
1475.08	-49.6687
1475.49	-49.5972
1475.91	-49.7029
1476.71	-50.2742
1477.6	-51.2364
1477.77	-51.4342
1478.1	-51.4818
1478.92	-50.6507
1479.23	-50.3235
1479.44	-50.1705
1479.52	-50.124
1479.64	-50.0583
1480.14	-49.8932
1480.37	-49.9467
1481.05	-50.8604
1481.47	-51.2768
1481.9	-51.5776
1482.38	-52.0221
1482.73	-52.3226
1482.95	-52.2901
1483.42	-51.8927
1484.05	-51.031
1484.87	-50.0637
1485.14	-49.854
1485.95	-49.624
1486.16	-49.7184
1486.45	-50.0205
1486.73	-50.3677
1487.54	-51.5851
1488.09	-52.2043
1488.48	-52.5914
1488.67	-52.7663
1489.16	-53.2164
1489.83	-53.7755
1490.33	-54.1358
1490.58	-54.1285
1490.85	-53.8364
1491.23	-53.1843
1491.69	-51.6184
1491.9	-50.6218
1492.84	-45.9194
1493.03	-44.8805
1493.29	-43.5364
1493.46	-42.6305
1493.57	-41.9115
1493.62	-41.4425
1493.65	-41.0324
1493.68	-40.6142
1493.71	-40.2072
1493.73	-39.8874
1493.75	-39.6391
1493.77	-39.3992
1493.78	-39.1641
1493.81	-38.8803
1493.83	-38.5907
1493.85	-38.3682
1493.87	-38.0967
1493.89	-37.8059
1493.91	-37.558
1493.93	-37.2977
1493.95	-36.9999
1493.98	-36.7242
1493.99	-36.4693
1494.02	-36.1544
1494.04	-35.8518
1494.06	-35.583
1494.08	-35.2393
1494.1	-34.8995
1494.12	-34.6114
1494.14	-34.2304
1494.17	-33.8407
1494.18	-33.5239
1494.21	-33.0899
1494.23	-32.6337
1494.25	-32.2526
1494.27	-31.7786
1494.29	-31.2463
1494.31	-30.7661
1494.33	-30.2408
1494.35	-29.6107
1494.38	-28.9935
1494.39	-28.3864
1494.42	-27.5842
1494.44	-26.7518
1494.46	-25.9523
1494.48	-24.8348
1494.5	-23.603
1494.52	-22.4368
1494.54	-20.6841
1494.57	-18.5825
1494.58	-16.6701
1494.61	-13.8538
1494.63	-10.8136
1494.65	-8.39258
1494.67	-5.68266
1494.69	-3.17304
1494.71	-1.48085
1494.73	-0.266096
1494.75	0.398525
1494.78	0.37788
1494.79	-0.0954114
1494.82	-1.13472
1494.84	-2.46075
1494.86	-3.80796
1494.87	-4.68823
1494.88	-5.26496
1494.89	-6.45
1494.91	-8.37194
1494.93	-10.2361
1494.95	-11.6865
1494.97	-13.4068
1494.99	-14.7338
1495.01	-16.0052
1495.03	-17.5506
1495.04	-18.6898
1495.07	-20.0253
1495.09	-21.3251
1495.1	-22.2688
1495.13	-23.4241
1495.15	-24.3813
1495.17	-25.1607
1495.19	-26.0203
1495.21	-26.7538
1495.23	-27.3995
1495.25	-28.0877
1495.27	-28.6603
1495.29	-29.1854
1495.3	-29.6381
1495.32	-30.0674
1495.36	-30.8983
1495.47	-33.2611
1495.7	-37.077
1495.89	-39.5487
1496.22	-42.8276
1496.55	-45.209
1496.98	-47.5542
1497.62	-50.1892
1498.46	-52.7547
1498.65	-53.2334
1499.03	-54.1377
1499.39	-54.8928
1499.6	-55.3108
1500.36	-56.5221
1500.74	-56.988
1501.77	-57.8396
1502.09	-58.0361
1502.93	-58.6179
1503.71	-59.0849
1504.6	-59.6075
1505.06	-59.8754
1505.82	-60.3249
1506.31	-60.6117
1507.04	-61.006
1507.39	-61.1806
1507.73	-61.3359
1508.72	-61.6956
1508.83	-61.7254
1509.65	-61.9195
1510.12	-62.0294
1510.78	-62.1728
1511.36	-61.4342
1511.81	-60.5123
1512.04	-60.0707
1512.28	-59.6544
1513.15	-58.7875
1513.49	-58.6565
1514.04	-58.5648
1514.87	-58.6074
1515.3	-58.7144
1515.49	-58.7395
1516.03	-58.1375
1516.43	-57.5327
1517.67	-56.3013
1518.25	-56.0368
1518.99	-55.9448
1519.41	-55.4418
1519.54	-55.2231
1519.88	-54.6249
1521.11	-53.0513
1521.81	-52.8063
1523.01	-53.2349
1523.47	-53.5774
1524.96	-55.0553
1525.61	-55.7631
1527.25	-57.6075
1527.49	-57.8584
1527.85	-58.2325
1528.45	-58.782
1529.06	-58.5723
1530.05	-57.6604
1530.65	-57.3552
1531.33	-57.338
1531.98	-56.4492
1532.88	-55.0444
1533.28	-54.6476
1533.94	-54.3085
1534.47	-54.2448
1535.17	-54.5281
1535.27	-54.5872
1535.85	-55.0561
1536.07	-55.2259
1536.43	-54.9679
1536.76	-54.4955
1537.3	-53.6473
1537.67	-53.1377
1538.25	-52.5711
1538.45	-52.444
1539.11	-52.1933
1539.65	-52.1427
1540.03	-52.1838
1540.78	-52.6352
1541.31	-53.0408
1542.12	-53.015
1542.55	-52.7484
1543.01	-52.5094
1543.39	-52.3855
1543.8	-52.3156
1543.99	-52.3825
1544.34	-52.6739
1544.78	-53.1126
1545.58	-53.6125
1546.15	-53.8516
1546.63	-54.0404
1546.87	-54.1354
1547.09	-54.2144
1547.97	-54.3984
1548.5	-54.4029
1548.82	-54.4058
1549.46	-54.4626
1549.72	-54.5034
1550.03	-54.5585
1550.4	-54.6269
1550.71	-54.6684
1551.05	-54.6774
1551.32	-54.5996
1552.31	-52.3377
1552.79	-51.067
1553.39	-49.6579
1553.91	-48.7521
1554.57	-47.9925
1554.78	-47.8435
1554.99	-47.8996
1555.22	-48.1248
1555.83	-49.4261
1556.12	-49.8376
1556.79	-50.3602
1557.04	-50.5311
1557.37	-50.8136
1557.72	-51.1551
1557.9	-51.3498
1558.93	-52.2759
1559.27	-52.4773
1559.7	-52.8613
1559.94	-53.0882
1560.38	-53.6371
1561.04	-54.1896
1561.32	-54.3223
1561.87	-54.4825
1562.93	-54.5034
1563.23	-54.4815
1563.91	-54.4567
1564.49	-54.4481
1565.05	-54.456
1565.23	-54.3721
1565.72	-53.6613
1566.25	-52.5443
1566.99	-50.918
1567.17	-50.6034
1567.74	-49.9145
1568.02	-49.8046
1568.65	-49.8223
1569.2	-50.1649
1569.68	-50.6777
1570.39	-51.4007
1570.85	-51.7627
1571.42	-52.1773
1572.4	-52.8012
1573.15	-53.2258
1573.46	-53.4404
1573.71	-53.6637
1574.14	-54.1011
1574.37	-54.3386
1574.85	-54.9127
1575.74	-55.7977
1576.41	-56.3524
1577.01	-56.8122
1577.66	-57.1978
1578.28	-57.468
1578.74	-57.6977
1580	-58.2724
1580.25	-58.2383
1580.61	-57.7947
1580.92	-57.0418
1581.39	-55.4051
1581.69	-54.361
1582.2	-52.7702
1582.7	-51.495
1583.31	-50.4132
1583.72	-49.9161
1584.2	-48.733
1584.6	-47.3204
1585.2	-44.8139
1585.41	-43.8635
1585.71	-42.3484
1585.82	-41.713
1585.97	-40.7146
1586.1	-39.7818
1586.18	-39.1366
1586.28	-37.9998
1586.36	-36.8581
1586.38	-36.3324
1586.41	-35.9137
1586.43	-35.4912
1586.45	-35.0643
1586.47	-34.6313
1586.49	-34.2127
1586.51	-33.8037
1586.52	-33.382
1586.54	-32.9458
1586.56	-32.4934
1586.58	-32.0224
1586.6	-31.5302
1586.62	-31.0149
1586.64	-30.4748
1586.65	-29.9071
1586.66	-29.7611
1586.67	-29.3856
1586.69	-28.6315
1586.71	-27.8883
1586.73	-27.1009
1586.75	-26.1069
1586.77	-25.2911
1586.79	-24.0303
1586.81	-22.5898
1586.83	-21.1932
1586.85	-19.1167
1586.87	-16.7045
1586.89	-14.3643
1586.91	-11.2762
1586.93	-8.30397
1586.95	-5.72583
1586.97	-2.97145
1586.99	-0.900502
1587.01	0.521968
1587.03	1.43449
1587.05	1.59785
1587.07	1.21083
1587.09	0.244313
1587.11	-0.918296
1587.13	-2.46894
1587.15	-4.31685
1587.17	-5.89125
1587.19	-7.91994
1587.21	-9.9034
1587.23	-11.5078
1587.25	-13.4089
1587.27	-15.1452
1587.29	-16.5484
1587.31	-18.1506
1587.33	-19.5625
1587.35	-20.7528
1587.37	-22.0513
1587.39	-23.1412
1587.41	-24.0855
1587.43	-25.0769
1587.45	-25.8889
1587.47	-26.6323
1587.5	-27.3969
1587.51	-27.9957
1587.53	-28.6088
1587.56	-29.2081
1587.56	-29.3591
1587.58	-29.7459
1587.59	-30.1772
1587.61	-30.5846
1587.63	-30.9615
1587.63	-31.0479
1587.65	-31.4617
1587.67	-31.8275
1587.69	-32.1765
1587.71	-32.5701
1587.73	-32.8653
1587.75	-33.1578
1587.77	-33.4935
1587.79	-33.7915
1587.81	-34.1445
1587.83	-34.435
1587.85	-34.694
1587.87	-35.0074
1587.89	-35.2372
1587.91	-35.5154
1587.92	-35.7401
1587.94	-35.9586
1587.96	-36.2202
1587.98	-36.4549
1588	-36.6516
1588.02	-36.8427
1588.04	-37.0454
1588.08	-37.534
1588.24	-38.9545
1588.28	-39.2873
1588.38	-40.0058
1588.6	-41.5608
1588.97	-43.6967
1589.53	-46.0552
1590.11	-47.8592
1590.28	-48.3159
1591.1	-50.2244
1591.84	-51.5751
1591.99	-51.7065
1592.38	-51.5157
1593.01	-49.6562
1593.66	-46.93
1593.95	-45.5973
1594.19	-44.5525
1594.42	-43.5391
1594.79	-42.1692
1595.28	-40.3195
1595.66	-38.7177
1595.84	-37.8745
1596.07	-36.5051
1596.51	-32.6024
1596.77	-27.8394
1596.82	-26.2829
1596.98	-18.8989
1597.07	-11.2817
1597.11	-7.85455
1597.15	-5.92071
1597.18	-5.22979
1597.21	-5.18897
1597.23	-5.54004
1597.25	-6.15702
1597.27	-6.94926
1597.3	-7.89298
1597.32	-8.94422
1597.34	-10.0626
1597.35	-10.6488
1597.36	-11.5397
1597.38	-12.6477
1597.41	-13.9576
1597.43	-14.9685
1597.44	-15.95
1597.47	-17.1338
1597.49	-18.1145
1597.51	-19.1078
1597.53	-20.1455
1597.55	-21.0428
1597.57	-21.8083
1597.6	-22.6988
1597.62	-23.4628
1597.64	-24.0933
1597.67	-24.8225
1597.69	-25.4703
1597.71	-25.934
1597.73	-26.5372
1597.76	-27.0504
1597.78	-27.5052
1597.8	-27.9331
1597.82	-28.3408
1597.84	-28.7302
1597.86	-29.1031
1597.88	-29.4605
1597.9	-29.8034
1597.92	-30.1331
1597.94	-30.4516
1597.96	-30.7613
1597.98	-31.0637
1598	-31.3596
1598.01	-31.4235
1598.02	-31.5649
1598.04	-31.8775
1598.05	-32.033
1598.06	-32.1919
1598.09	-32.4654
1598.11	-32.7364
1598.13	-32.9848
1598.15	-33.2517
1598.17	-33.4955
1598.19	-33.7568
1598.21	-34.0151
1598.23	-34.2705
1598.25	-34.5232
1598.27	-34.7733
1598.29	-35.0211
1598.31	-35.2661
1598.33	-35.508
1598.35	-35.7466
1598.37	-35.9822
1598.39	-36.2147
1598.42	-36.4444
1598.44	-36.6713
1598.46	-36.8958
1598.48	-37.1177
1598.5	-37.3363
1598.52	-37.5517
1598.54	-37.7638
1598.56	-37.9727
1598.58	-38.1784
1598.6	-38.3811
1598.62	-38.5809
1598.64	-38.778
1598.66	-38.9726
1598.69	-39.164
1598.71	-39.3521
1598.73	-39.5368
1598.75	-39.7182
1598.77	-39.8962
1598.79	-40.071
1598.81	-40.2427
1598.83	-40.4113
1598.85	-40.5638
1598.87	-40.7275
1598.93	-41.1743
1598.94	-41.2532
1599.03	-41.8695
1599.2	-42.8952
1599.44	-44.0624
1599.85	-45.4986
1600.26	-46.4804
1600.39	-46.7077
1600.61	-46.8823
1601.33	-46.2819
1601.63	-45.7697
1602.33	-44.576
1602.81	-43.8871
1603.1	-43.5803
1603.6	-43.3144
1604.01	-43.3516
1604.67	-43.8701
1604.86	-44.1184
1605.35	-44.9757
1606.09	-46.4793
1606.92	-48.212
1608.01	-50.3242
1608.37	-50.9738
1608.58	-51.3155
1608.79	-51.7901
1609.02	-52.267
1609.23	-52.7714
1609.56	-53.5181
1610.22	-54.5263
1610.33	-54.6103
1610.86	-54.8988
1611.13	-54.9746
1611.91	-55.1017
1612.77	-55.1634
1613.66	-55.2752
1614.21	-55.4037
1614.47	-55.2495
1615.25	-53.6611
1616.24	-51.9411
1616.86	-51.3816
1617.07	-51.2898
1617.96	-51.3788
1618.08	-51.4288
1618.73	-51.9018
1619.28	-52.3846
1619.41	-52.4951
1619.83	-52.9841
1620.1	-53.1123
1620.4	-52.9009
1620.76	-52.4115
1620.95	-52.1706
1621.28	-51.8001
1621.81	-51.0217
1622.11	-50.7603
1622.67	-50.5671
1622.99	-50.5151
1623.19	-50.5743
1623.65	-50.8407
1624.06	-51.1824
1624.52	-51.4283
1625.31	-49.956
1625.59	-49.2621
1625.96	-48.5085
1626.31	-48.0642
1626.66	-47.767
1627.2	-47.5109
1627.89	-47.4965
1628.62	-47.8319
1629.34	-47.9399
1630.07	-48.0726
1630.29	-48.0959
1630.64	-48.3168
1631.13	-48.6983
1632.42	-49.4635
1633.08	-49.9031
1633.5	-50.2458
1633.98	-50.6893
1634.81	-51.4933
1635.36	-52.0107
1636.62	-53.2192
1637.39	-53.9829
1637.99	-54.5786
1638.36	-54.9296
1639.56	-55.8323
1639.73	-55.9466
1640.34	-56.4277
1641.15	-56.8051
1642.22	-56.9811
1642.49	-57.0236
1642.96	-57.1078
1643.83	-57.2263
1644.22	-57.3181
1644.71	-57.4202
1644.89	-57.4454
1645.08	-57.5003
1645.42	-57.6052
1647.1	-58.0154
1648.12	-58.3232
1648.86	-58.5818
1649.32	-58.7135
1650.41	-58.9722
1651.57	-59.2931
1652.12	-59.4619
1652.99	-59.7398
1654.68	-60.3785
1654.88	-60.4332
1655.16	-60.2959
1655.31	-60.1014
1655.57	-59.7707
1656.05	-59.1294
1656.96	-57.9853
1657.11	-57.8309
1657.36	-57.1755
1658.28	-54.4579
1658.94	-52.7427
1659.55	-51.5572
1660.44	-50.5676
1660.88	-50.3562
1661.42	-50.2939
1661.68	-50.0401
1662.24	-48.9269
1662.88	-47.3564
1663.32	-46.2885
1663.48	-45.8936
1663.96	-45.2728
1664.64	-44.9827
1665.24	-45.0642
1665.91	-45.4405
1666.2	-45.7963
1666.44	-46.2317
1667.25	-47.6484
1667.62	-48.2035
1667.83	-48.6106
1668.29	-49.9616
1668.72	-50.9809
1669.03	-51.5659
1669.5	-51.7163
1670.22	-50.7675
1671.13	-49.2639
1671.88	-48.3328
1672.87	-47.7456
1673.07	-47.7291
1673.7	-48.2453
1674.04	-48.6245
1674.93	-50.1559
1675.35	-50.7898
1675.87	-51.8504
1677.16	-53.6077
1677.66	-54.0834
1678.13	-54.6809
1678.77	-55.4182
1679.46	-56.1454
1679.86	-56.5461
1680.38	-57.0181
1681.08	-57.3809
1681.72	-57.5686
1682.41	-57.8085
1683.05	-58.0174
1683.62	-58.2406
1683.95	-58.3788
1684.25	-58.5248
1684.8	-58.6999
1684.92	-58.6825
1685.36	-57.5444
1686.24	-53.4485
1686.42	-52.5464
1686.63	-51.3553
1687.32	-46.436
1687.43	-45.5183
1687.69	-43.0831
1687.8	-41.6401
1687.86	-40.4946
1687.89	-39.6818
1687.91	-39.1855
1687.92	-39.0143
1687.93	-38.6645
1687.95	-38.0998
1687.97	-37.5289
1687.99	-36.9823
1688.01	-36.3951
1688.03	-35.8796
1688.05	-35.2552
1688.07	-34.6033
1688.09	-34.0077
1688.11	-33.3868
1688.13	-32.7318
1688.14	-32.0384
1688.16	-31.3015
1688.18	-30.5165
1688.2	-29.6776
1688.21	-28.77
1688.23	-27.7688
1688.25	-26.6437
1688.27	-25.3561
1688.29	-23.851
1688.3	-22.0445
1688.32	-19.7954
1688.34	-16.9391
1688.36	-13.4742
1688.38	-9.49227
1688.39	-5.19274
1688.41	-0.785482
1688.43	3.35361
1688.45	6.76427
1688.46	9.05987
1688.48	10.0902
1688.5	9.96209
1688.52	8.91992
1688.54	6.71291
1688.56	4.67554
1688.56	3.91559
1688.58	2.14716
1688.6	-0.836231
1688.61	-2.81408
1688.62	-4.11342
1688.64	-6.93705
1688.66	-9.79468
1688.68	-11.9869
1688.7	-14.6667
1688.72	-16.517
1688.74	-18.4861
1688.75	-20.0223
1688.77	-21.4577
1688.79	-23.4127
1688.81	-24.9424
1688.83	-26.1064
1688.85	-27.1237
1688.87	-28.0466
1688.89	-29.0305
1688.91	-29.9132
1688.93	-30.6194
1688.95	-31.2557
1688.96	-31.8964
1688.99	-32.536
1689.01	-33.148
1689.02	-33.6217
1689.04	-34.1888
1689.07	-34.7903
1689.08	-35.1858
1689.11	-35.6779
1689.13	-36.0997
1689.14	-36.4834
1689.17	-36.9272
1689.19	-37.3064
1689.21	-37.6406
1689.23	-37.9934
1689.24	-38.2604
1689.26	-38.5702
1689.28	-38.8596
1689.3	-39.0789
1689.32	-39.3613
1689.34	-39.5737
1689.36	-39.7927
1689.38	-40.0072
1689.4	-40.1669
1689.42	-40.3667
1689.44	-40.5388
1689.46	-40.6814
1689.48	-40.8454
1689.5	-40.9716
1689.52	-41.0761
1689.54	-41.192
1689.55	-41.2743
1689.57	-41.3506
1689.59	-41.4466
1689.65	-41.6527
1689.71	-41.7979
1689.79	-41.9007
1689.96	-41.8462
1690.01	-41.7793
1690.14	-41.4963
1690.33	-40.8738
1690.54	-40.0346
1690.94	-37.8605
1691.26	-35.1126
1691.46	-32.2875
1691.61	-29.1065
1691.67	-27.3716
1691.68	-26.853
1691.72	-25.3048
1691.76	-23.4657
1691.78	-22.1421
1691.81	-20.4729
1691.83	-18.4857
1691.85	-16.209
1691.88	-13.7278
1691.9	-11.1837
1691.93	-8.79609
1691.95	-6.74428
1691.97	-5.33153
1692	-4.1667
1692.02	-3.7649
1692.05	-3.81946
1692.07	-4.37192
1692.1	-5.5128
1692.12	-6.93841
1692.14	-8.25209
1692.17	-9.60753
1692.19	-11.3857
1692.22	-13.0255
1692.24	-14.5545
1692.26	-16.1911
1692.29	-17.4689
1692.31	-18.619
1692.33	-20.0411
1692.35	-21.1111
1692.37	-22.046
1692.4	-23.2285
1692.42	-24.0448
1692.45	-24.9386
1692.47	-25.7226
1692.5	-26.4423
1692.52	-27.1055
1692.54	-27.7182
1692.57	-28.2855
1692.59	-28.8127
1692.62	-29.3043
1692.64	-29.7428
1692.67	-30.2423
1692.69	-30.6199
1692.71	-30.9941
1692.74	-31.4063
1692.76	-31.6916
1692.78	-31.9681
1692.81	-32.3256
1692.83	-32.6119
1692.85	-32.9288
1692.88	-33.2256
1692.9	-33.5129
1692.92	-33.7912
1692.95	-34.0609
1692.96	-34.1644
1692.97	-34.276
1692.99	-34.5126
1693.01	-34.7473
1693.03	-34.9762
1693.05	-35.1992
1693.08	-35.4168
1693.1	-35.6332
1693.12	-35.8438
1693.15	-36.0488
1693.17	-36.2487
1693.19	-36.4437
1693.21	-36.6344
1693.24	-36.821
1693.26	-37.0038
1693.28	-37.1824
1693.31	-37.3568
1693.33	-37.527
1693.35	-37.6933
1693.37	-37.8558
1693.4	-38.0147
1693.42	-38.1704
1693.44	-38.3231
1693.47	-38.473
1693.49	-38.6203
1693.51	-38.7553
1693.55	-39.03
1693.69	-39.8203
1693.8	-40.398
1693.89	-40.8167
1694.13	-41.9133
1694.61	-43.7794
1694.89	-44.7186
1695.11	-45.4188
1695.25	-45.7805
1695.94	-47.758
1696.22	-48.3815
1696.48	-48.9292
1696.7	-49.339
1697.32	-49.3827
1697.85	-48.8135
1698.66	-47.9396
1699.21	-47.6044
1699.54	-47.5432
1700.46	-47.8511
1700.68	-48.1201
1700.86	-48.451
1701.45	-49.7599
1701.9	-50.5664
1703.15	-52.0279
1703.85	-52.6694
1703.98	-52.7896
1704.55	-53.2876
1704.91	-53.6849
1705.41	-53.5211
1706.13	-52.5087
1706.99	-51.3629
1707.76	-50.799
1708.37	-50.7017
1709.41	-51.1138
1710.59	-52.0995
1712.65	-54.3269
1714.7	-56.4464
1714.98	-56.7614
1715.98	-57.8381
1717.51	-59.1747
1718.17	-59.6491
1719.49	-60.4594
1721.54	-61.4823
1721.68	-61.5441
1721.94	-61.6544
1722.33	-61.806
1723.77	-61.8793
1725.25	-61.7129
1726.03	-61.7117
1729.6	-62.2655
1730.7	-62.5295
1731.19	-62.5993
1731.58	-62.634
1733.21	-62.6007
1733.94	-62.5901
1735.8	-62.7028
1736.35	-62.7697
1737.48	-62.7843
1737.8	-62.7602
1738.89	-62.593
1740.43	-62.2824
1741.8	-62.2322
1743.6	-62.4435
1744.72	-62.6623
1746	-62.8051
1748.33	-63.2992
1748.77	-63.3337
1751.5	-63.8405
1752.17	-63.9823
1752.44	-63.7686
1753.8	-61.042
1754.65	-60.017
1755.94	-59.637
1757.52	-59.9434
1759.78	-60.9249
1760.42	-61.2152
1761.28	-61.5109
1762.65	-61.779
1762.93	-61.5872
1763.37	-60.8061
1764.86	-58.3552
1765.76	-57.7752
1766.82	-57.7657
1768.42	-58.4684
1768.87	-58.7593
1769.99	-59.4643
1770.26	-59.3996
1771.18	-57.8553
1771.26	-57.6967
1771.78	-56.1963
1772.63	-53.4103
1773.16	-52.0069
1773.52	-51.2457
1774.14	-50.5928
1774.94	-50.4786
1775.46	-50.6793
1776.65	-51.629
1777.88	-53.0142
1778.66	-53.9628
1780.19	-55.8797
1780.67	-56.4672
1781.36	-57.2095
1781.8	-57.6134
1782.61	-58.3336
1782.71	-58.4154
1783.51	-59.0097
1783.95	-59.279
1785.4	-59.9892
1786.92	-60.7071
1788.4	-61.4416
1789.04	-61.7654
1790.01	-62.1903
1791.06	-62.4691
1792.43	-62.7988
1792.84	-62.9105
1793.91	-63.1115
1795.18	-63.223
1796.38	-63.4015
1798.46	-63.9056
1800.26	-64.4215
1800.82	-64.572
1802.07	-64.6608
1803.17	-64.6291
1803.67	-64.6163
1804.65	-64.4576
1805.72	-64.2918
1806.78	-64.2197
1808.45	-64.3435
1810.75	-64.7699
1813.5	-65.3918
1815.9	-65.9254
1816.77	-66.0789
1817.96	-66.0701
1818.73	-66.0167
1821.8	-66.0464
1822.77	-66.1336
1823.57	-66.2196
1828.81	-66.8452
1830.26	-67.0092
1833.29	-67.3225
1836.06	-67.5595
1836.52	-67.5853
1837.5	-67.2613
1838.45	-66.976
1839.58	-66.7765
1841.73	-66.6916
1842.7	-66.6819
1843.02	-66.6088
1843.61	-66.4625
1844.27	-66.1229
1845.51	-65.4873
1846.62	-65.1121
1847.99	-64.9516
1850.07	-65.0903
1852.92	-65.5922
1855.09	-66.0307
1856.19	-66.018
1856.88	-65.9595
1858.01	-65.8805
1859.58	-65.8696
1861.33	-66.0345
1861.51	-65.8758
1862.87	-62.7098
1863.77	-61.3949
1864.97	-60.8476
1865.6	-60.9202
1866.55	-61.2243
1867.72	-61.8232
1868.25	-62.1265
1869.28	-62.6158
1869.84	-62.8102
1870.45	-62.1832
1870.55	-62.0482
1871.23	-61.1263
1872.24	-60.2666
1873.06	-59.9903
1874.13	-60.0918
1874.54	-60.2275
1876.63	-61.2596
1877.69	-61.8738
1879.42	-62.8803
1880.1	-63.1707
1880.75	-63.368
1880.94	-63.3901
1882.18	-63.3399
1883.31	-63.3634
1883.72	-63.4084
1886.25	-64.0162
1886.66	-63.6861
1887.93	-61.4536
1888.4	-60.9196
1889.71	-60.323
1890.64	-60.4815
1891.88	-61.0442
1893.56	-62.0781
1893.96	-62.3321
1895.03	-62.8901
1895.94	-63.2286
1896.35	-63.3752
1897.78	-63.9096
1898.32	-64.118
1898.83	-64.3054
1899.48	-64.3488
1900.78	-64.2378
1901.83	-64.1893
1902.13	-64.2031
1902.57	-63.7183
1903.67	-61.3546
1904.37	-60.2518
1905.49	-59.4143
1905.93	-59.3501
1906.33	-59.389
1907.11	-59.5775
1907.89	-59.7817
1908.36	-59.3638
1909.16	-57.929
1910.03	-56.7645
1910.44	-56.4596
1911.1	-55.2621
1911.41	-54.574
1912.73	-52.4587
1913.2	-52.2264
1913.82	-52.2961
1914.84	-53.0841
1915.78	-54.192
1916.4	-54.8915
1916.75	-55.5034
1917.38	-56.3385
1917.97	-57.0567
1919.1	-58.2525
1920.19	-59.342
1920.45	-59.4223
1921.59	-58.1509
1922.7	-57.4566
1922.85	-57.4414
1923.57	-57.5412
1924.3	-57.7499
1925.08	-58.0828
1926.11	-58.7601
1926.67	-59.2116
1927.38	-59.8113
1927.84	-60.2103
1928.24	-60.5469
1928.83	-60.9885
1929.17	-61.1905
1929.79	-61.4671
1931.81	-61.9937
1932.69	-62.2955
1933.95	-62.8247
1935.51	-63.5435
1937.19	-64.3241
1938.85	-65.0423
1940.79	-65.7839
1942.96	-66.5014
1945.58	-67.1934
1946.46	-67.1932
1947.23	-67.2637
1948.71	-67.3084
1949.76	-67.2574
1950.36	-67.2202
1950.68	-67.1294
1952.1	-66.7532
1952.44	-66.6802
1953.54	-66.564
1954.13	-66.5509
1954.36	-66.5354
1955.52	-66.2323
1956.59	-65.8224
1957.96	-65.5305
1959.04	-65.4987
1959.44	-65.4209
1960.83	-65.1998
1961.77	-65.1215
1962.4	-65.0918
1963.47	-65.0274
1964.15	-64.9797
1967.01	-65.5755
1969.48	-66.2712
1971.46	-66.7788
1972.36	-66.9657
1972.79	-66.4818
1973.47	-65.3012
1973.88	-64.6157
1975.19	-63.22
1976.35	-62.9168
1976.63	-62.9237
1978.05	-63.0881
1978.8	-63.3422
1980.58	-64.0738
1982.07	-64.7245
1983.1	-65.1263
1983.98	-65.296
1984.21	-65.3073
1984.84	-65.3132
1985.6	-65.3011
1986.86	-65.0084
1987.59	-65.0446
1988.12	-65.0305
1991.22	-65.6711
1992.46	-66.0141
1997.53	-67.213
2002.55	-67.9929
